90
91
76
95
88
89
83
90
88
87
86
88
92
92
85
84
83
91
90
75
94
87
76
94
85
88
92
92
86
87
93
75
92
90
85
89
90
73
92
89
87
84
74
74
81
72
75
73
74
90
69
74
70
73
82
70
69
69
82
85
69
69
70
71
73
75
69
70
72
66
68
69
67
66
81
67
72
81
69
68
82
70
68
66
67
70
66
67
69
67
65
67
67
66
69
67
67
64
65
66
67
66
66
66
66
65
65
67
66
68
68
67
64
65
65
65
64
65
64
66
64
66
63
63
63
64
64
64
66
64
64
62
67
63
62
66
62
62
62
64
64
64
63
62
64
63
63
59
63
58
58
63
58
63
62
57
61
63
61
64
60
54
60
63
60
63
60
58
60
59
52
53
54
58
61
62
58
60
52
62
62
62
53
61
56
61
61
58
52
52
59
61
60
59
53
60
60
60
54
62
60
52
52
60
52
54
52
61
52
58
61
59
52
61
59
61
56
58
60
55
57
55
54
56
56
59
57
57
60
56
56
59
51
60
56
50
59
51
51
51
59
59
50
52
58
50
51
55
48
50
50
50
53
54
50
50
54
58
54
47
50
50
48
55
49
50
55
54
55
54
55
50
55
50
50
47
55
50
54
48
54
55
47
53
46
50
48
50
48
49
49
50
49
49
47
46
53
50
50
54
49
53
49
50
50
53
49
53
53
42
46
48
49
53
52
52
49
42
48
42
53
42
42
50
50
42
51
52
54
51
48
50
42
48
53
43
50
50
50
42
54
47
51
54
45
49
49
54
46
53
46
53
49
46
48
52
47
48
49
49
45
47
48
48
46
53
49
49
52
48
47
49
53
42
46
48
48
49
52
51
42
42
48
51
52
48
41
51
48
52
42
41
48
41
48
49
52
49
49
52
52
49
48
42
51
52
49
48
41
51
52
52
42
51
46
51
52
41
41
41
41
51
50
41
45
41
46
41
42
41
41
41
41
41
41
41
42
41
41
41
41
41
41
41
41
40
41
41
40
41
41
41
41
41
41
41
40
41
40
41
41
41
41
41
41
41
41
41
42
41
42
41
41
41
42
41
41
42
41
41
50
41
42
42
42
42
42
40
41
41
42
41
41
41
41
41
41
41
41
41
41
41
41
41
42
41
41
50
41
41
51
41
41
41
42
47
42
51
48
48
41
51
48
51
41
41
42
52
41
42
42
42
51
50
52
42
48
51
41
48
41
47
48
41
42
51
41
46
41
46
45
41
51
42
46
41
51
46
41
47
41
41
40
56