-385
-381
-379
-372
-376
-375
-372
-371
-360
-368
-364
-357
-357
-360
-356
-356
-352
-351
-354
-351
-346
-345
-343
-342
-343
-344
-339
-340
-343
-336
-339
-336
-333
-338
-334
-333
-329
-330
-329
-330
-326
-322
-326
-321
-321
-320
-321
-320
-320
-320
-320
-318
-317
-316
-316
-312
-310
-314
-315
-309
-315
-313
-309
-311
-307
-308
-307
-304
-305
-301
-307
-306
-302
-302
-301
-304
-295
-297
-304
-298
-292
-293
-293
-295
-297
-292
-293
-293
-293
-288
-287
-289
-286
-286
-284
-286
-290
-278
-280
-280
-281
-281
-279
-281
-278
-277
-278
-276
-276
-277
-273
-276
-277
-274
-270
-268
-268
-268
-267
-270
-269
-262
-262
-267
-264
-267
-258
-261
-260
-256
-261
-256
-256
-248
-251
-255
-248
-248
-248
-250
-245
-246
-244
-242
-244
-243
-244
-242
-242
-239
-241
-241
-235
-231
-232
-232
-230
-233
-225
-231
-232
-230
-226
-224
-227
-225
-222
-223
-221
-218
-223
-218
-220
-220
-220
-220
-216
-221
-219
-216
-218
-218
-217
-212
-213
-213
-213
-209
-211
-210
-206
-209
-213
-212
-208
-208
-203
-207
-206
-202
-202
-202
-200
-203
-203
-199
-199
-200
-195
-194
-200
-202
-195
-198
-201
-200
-194
-190
-193
-196
-192
-195
-189
-191
-195
-188
-190
-191
-191
-186
-188
-192
-192
-190
-186
-181
-183
-187
-186
-183
-187
-179
-175
-178
-180
-177
-178
-171
-174
-172
-171
-172
-165
-167
-171
-176
-171
-168
-167
-164
-166
-164
-167
-162
-162
-162
-164
-162
-165
-162
-159
-166
-160
-161
-159
-165
-159
-162
-162
-159
-158
-157
-160
-150
-154
-149
-152
-153
-157
-153
-144
-156
-146
-149
-157
-156
-151
-151
-148
-148
-149
-145
-143
-143
-142
-144
-143
-144
-141
-146
-146
-141
-140
-141
-143
-138
-141
-138
-132
-134
-138
-138
-136
-138
-133
-132
-130
-135
-133
-131
-136
-133
-134
-130
-129
-134
-130
-126
-129
-132
-124
-123
-127
-129
-129
-123
-127
-123
-124
-120
-123
-124
-121
-117
-115
-116
-111
-114
-119
-109
-117
-110
-104
-111
-112
-115
-113
-100
-103
-104
-104
-108
-98
-103
-106
-107
-105
-96
-100
-94
-94
-99
-92
-96
-97
-98
-94
-98
-90
-91
-96
-90
-89
-82
-86
-85
-90
-93
-86
-87
-83
-87
-82
-84
-87
-86
-91
-83
-91
-89
-85
-87
-88
-86
-87
-86
-77
-78
-81
-78
-80
-77
-77
-79
-77
-79
-81
-81
-77
-80
-67
-84
-79
-84
-71
-77
-76
-81
-72
-72
-77
-63
-72
-62
-76
-67
-59
-72
-66
-61
-69
-56
-70
-67
-63
-61
-62
-61
-60
-59
-75
-64
-56
-57
-59
-60
-68
-58
-65
-59
-50
-57
-40
-55
-68
-65
-46
-53
-66
-38
-53
-62
-38
-67
-31
-31
-61
-31
-30
-30
-57
-30
-59
-36
-36
-29
-36
-29
-37
-28
-55
-28
-27
-27
-35
-27
-34
-34
-34
-34
-26
-25
-26
-18
-52
-18
-33
-32
-17
-32
-17
-31
-18
-30
-30
-31
-32
-17
-17
-17
-31
-30
-30
-30
-30
-29
-17
-29
-8
-8
-8
-8
-8
-8
-8
-7
-8
-8
-7
-7
-7
-7
-7
-7
-7
-7
-7
-7
-7
-7
-7
-7
-7
-7
-6
-7
-6
-7
-6
-6
-6
-6
-6
-6
-6
-6
-6
-6
-6
-6
-6
-6
-6
-6
-5
-5
-5
-5
-5
-5
-5
-5
-5
-5
-5
-5
-5
-5
-4
-5
-5
-4
-4
-4
-4
-4
-4
-3
-3
-3
-3
-3
-3
-3
-3
-3
-3
-3
-3
-3
-2
-2
-2
-2
-2
-2
-2
-2
-2
-2
-2
-2
-2
-2
-1
-1
-1
-2
-2
-1
-1
-1
-1
-1
-1
-1
-1
-1
-1
-1
-1
-1
-1
-1
-1
0



-629



-1706

-374
463
6
-68
30
144
-30
242
-63
-46
50
21
-64
62
17
48
103

87
216
258
188
89
67
589
48
142
166
2238








2940

897

65
-72
-189

-21