922
953
967
969
968
963
960
960
954
957
951
945
939
934
929
918
901
864
796
730
685
648
620
592
570
559
550
541
528
521
513
501
503
491
487
489
486
477
479
477
475
468
473
470
471
466
468
465
461
467
464
463
459
467
462
468
467
468
468
470
468
467
469
471
469
471
476
477
480
479
480
480
481
482
483
487
482
487
487
487
487
487
490
490
488
491
488
489
491
490
493
492
494
490
494
496
494
493
495
494
493
496
496
499
500
491
495
494
495
494
494
495
501
501
502
498
500
498
504
502
497
499
499
499
497
504
497
496
497
501
503
498
504
501
502
503
503
501
500
503
500
505
502
503
501
507
499
502
503
503
504
506
503
503
504
502
503
504
502
498
500
503
504
499
502
503
498
501
500
500
499
499
503
497
497
499
497
497
495
495
498
497
497
499
495
496
497
496
497
492
494
494
497
494
494
494
494
494
494
493
494
492
494
494
494
494
494
492
495
492
492
487
494
491
493
492
492
493
494
494
490
487
487
488
490
492
484
492
487
488
491
486
491
492
488
487
490
492
486
490
487
489
486
491
491
491
487
489
489
487
485
485
486
485
489
487
487
487
484
488
484
486
487
485
490
484
486
481
482
485
479
482
484
478
478
481
481
484
482
482
478
480
478
476
473
474
473
474
481
475
477
475
473
473
474
477
470
474
467
474
473
473
477
474
473
475
471
470
468
467
470
466
469
470
472
473
467
469
466
466
466
467
468
467
468
465
466
466
467
465
467
463
466
463
464
464
460
461
460
467
462
458
458
456
459
459
457
456
456
454
454
455
459
456
453
456
454
454
455
451
454
453
454
453
453
453
452
453
453
452
454
451
450
450
453
450
452
450
451
451
452
452
450
449
450
452
446
447
447
444
443
444
447
444
444
442
446
446
441
441
447
443
442
441
444
446
438
440
438
438
439
441
439
438
437
439
436
438
441
438
438
438
441
439
441
438
436
437
438
438
437
440
434
437
441
436
436
433
436
438
435
434
436
431
434
439
432
434
432
434
433
434
435
432
433
433
434
435
433
431
433
425
430
428
430
429
431
431
428
429
431
430
428
425
424
425
428
425
426
424
424
427
424
424
424
425
424
427
426
425
423
425
423
426
423
423
423
424
424
422
421
420
420
418
423
422
421
425
421
420
422
423
419
420
417
420
418
423
420
416
421
417
420
420
418
419
415
413
416
417
415
413
421
416
415
411
412
411
411
414
414
414
412
412
409
409
408
405
406
401
404
396
399
398
399
403
398
397
397
395
393
396
393
397
395
390
397
393
393
391
392
391
392
391
390
389
388
387
392
386
387
388
381
386
386
384
388
384
382
383
385
388
385
386
384
384
384
385
384
383
385
385
389
387
389
388
387
386
378
351
347
188
52
58
53
14
5
1
1
69
63
66
31
335
366
282
361
376
374
371
371
373
368
373
378
371
374
378
376
371
372
376
375
376
373
370
367
356
378
368
372
375
373
368
366
427
-334
-537
-276
360
-772
-2311
-2085
7
-1744
30
-143
141
28
128
-131
35
21
121
223
-112
10
2
6
-1
219
85
-207
-24
-3
-62
-9
41
26
1
723
1112
152
-343
-557
-755
-857
-760
-616
-660
-787
-721
-331
-904
-35
-428
-85
64
166
-62
40