-22
-25
-28
-27
-25
-29
-25
-28
-26
-29
-30
-31
-32
-32
-31
-32
-34
-35
-36
-36
-37
-37
-38
-37
-39
-39
-39
-39
-40
-40
-40
-43
-43
-45
-40
-44
-48
-45
-47
-48
-49
-47
-50
-48
-48
-50
-47
-49
-48
-50
-51
-50
-55
-54
-54
-51
-56
-54
-50
-50
-54
-52
-50
-51
-50
-50
-57
-54
-54
-52
-57
-56
-55
-55
-59
-56
-56
-59
-57
-58
-59
-59
-58
-58
-55
-55
-56
-56
-59
-56
-59
-59
-60
-61
-59
-60
-62
-62
-61
-64
-64
-63
-65
-66
-65
-67
-66
-66
-66
-65
-66
-65
-65
-68
-67
-67
-68
-69
-68
-68
-68
-66
-68
-68
-67
-67
-68
-67
-69
-68
-67
-67
-72
-72
-70
-71
-71
-69
-71
-71
-70
-68
-68
-68
-66
-66
-66
-66
-64
-65
-63
-65
-64
-63
-66
-64
-64
-63
-62
-59
-57
-59
-59
-59
-56
-55
-54
-53
-53
-53
-52
-55
-55
-52
-50
-51
-55
-49
-54
-49
-48
-50
-51
-50
-48
-46
-47
-46
-44
-40
-39
-39
-39
-38
-39
-38
-37
-37
-40
-39
-38
-38
-37
-36
-36
-35
-35
-34
-34
-34
-30
-32
-29
-29
-28
-27
-30
-26
-26
-28
-25
-27
-27
-26
-19
-21
-18
-19
-18
-12
-23
-10
-21
-18
-7
-13
-7
-9
-15
-4
-3
-5
-5
-4
-3
-2
13
15
16
16
14
19
15
17
17
17
21
23
21
23
20
19
25
24
26
26
30
29
30
32
29
31
32
30
34
35
38
35
36
38
39
40
44
43
42
54
44
54
45
44
56
51
52
61
53
53
61
57
54
57
60
64
65
67
60
60
61
61
59
62
62
63
64
70
69
66
68
67
76
77
69
78
79
75
79
79
75
78
80
86
76
78
84
77
84
83
83
83
85
87
83
81
83
86
83
88
81
84
88
81
82
89
84
82
90
91
91
92
86
88
92
89
88
94
91
95
94
94
96
93
97
98
100
100
101
101
104
102
104
105
111
108
109
109
107
111
113
114
110
112
116
117
117
118
116
117
114
114
115
116
116
114
119
118
115
120
119
118
121
118
116
118
119
121
120
119
119
119
123
119
121
121
126
122
123
126
123
124
126
129
126
128
130
129
130
125
128
128
131
133
129
132
132
127
130
134
132
133
133
132
135
135
136
135
136
133
137
136
136
138
138
136
132
138
139
138
138
138
140
141
142
141
142
142
139
138
143
143
142
142
147
144
149
145
147
148
150
150
150
149
152
150
153
156
153
156
156
158
155
154
152
153
158
157
156
156
158
155
157
156
156
157
156
157
164
159
157
162
154
147
152
152
155
157
148
145
172
180