588
585
585
584
585
585
585
585
585
580
580
582
581
578
579
578
581
577
577
577
575
574
573
571
572
573
569
568
570
570
569
568
568
568
568
569
567
567
566
566
567
563
563
563
566
565
566
561
562
565
563
561
560
559
560
561
563
562
561
560
561
561
561
561
560
559
555
556
554
554
556
555
553
553
554
550
552
549
549
549
548
548
550
547
548
547
547
548
544
545
544
544
543
543
543
545
543
543
543
541
543
541
537
538
543
540
535
543
540
538
542
540
539
540
537
538
537
538
537
536
535
534
534
534
534
531
531
530
530
530
531
531
524
526
526
524
524
524
523
523
522
520
521
521
520
521
520
520
519
517
518
518
516
517
517
516
514
515
518
518
517
516
516
516
517
516
516
514
515
516
515
515
515
514
513
512
511
511
513
510
510
511
511
511
510
510
510
511
511
506
508
508
507
506
508
508
507
505
502
502
503
502
502
501
500
499
500
500
500
500
501
501
500
500
500
497
500
500
496
497
499
495
497
494
493
492
493
495
493
489
492
492
490
489
489
491
491
487
487
487
489
489
489
487
486
486
485
485
486
486
485
487
486
484
485
486
484
486
482
482
483
483
484
482
483
482
481
479
479
481
480
479
478
478
477
477
478
479
475
474
474
473
476
474
473
471
473
473
472
469
469
469
471
471
469
466
469
467
467
467
465
465
465
464
465
463
464
463
462
460
460
460
462
459
458
458
457
458
459
455
461
459
460
461
459
458
462
457
458
457
455
455
453
453
454
454
451
454
453
451
452
453
451
448
454
452
448
449
448
450
452
448
448
452
451
447
451
448
449
448
446
446
444
445
444
446
446
446
446
445
445
444
444
443
444
444
442
446
446
446
447
441
444
444
441
442
442
441
442
441
441
442
442
442
441
438
435
434
436
435
432
434
433
431
431
430
432
430
431
427
427
427
422
427
425
426
425
422
419
421
420
421
419
420
418
419
418
417
418
418
419
419
419
418
416
418
415
416
417
415
415
415
416
417
414
416
417
412
412
413
414
412
413
412
411
412
413
413
413
413
412
415
408
408
408
407
408
408
409
408
407
406
407
408
408
406
405
406
407
408
408
406
406
407
411
407
407
409
407
406
406
406
406
406
408
407
408
405
408
405
407
405
406
405
403
407
405
405
405
405
403
403
403
405
403
407
403
398
408
402
396
397
399
304
-1824
-1109
108
2058