-32295
-32121
-34246
-34363
-35042
-30629
-29556
-28304
-28580
-26257
-27834
-30056
-32484
-34771
-34224
-35823
-28812
-30105
-32208
-34517
-30263
-28697
-28313
-30644
-32357
-33810
-35040
-32495
-27245
-27007
-29371
-30563
-33303
-35291
-32432
-31957
-31394
-32574
-32929
-34440
-32436
-23255
-23513
-26185
-28314
-30810
-30723
-33035
-25630
-27393
-30166
-32028
-33136
-31961
-33673
-32372
-31778
-33447
-26798
-27015
-29652
-32678
-34906
-34878
-37284
-35727
-34728
-33002
-32211
-30499
-32781
-23048
-26622
-29154
-31119
-32835
-29971
-32730
-34057
-31556
-33340
-33533
-35440
-32662
-34752
-32867
-31402
-33223
-33547
-32627
-32220
-33673
-34921
-34380
-35584
-35695
-36850
-35738
-31158
-30187
-33278
-34221
-36338
-34041
-35640
-35129
-30514
-30327
-33303
-32879
-34218
-36657
-33231
-35505
-33263
-35160
-32384
-33093
-30825
-33095
-35484
-35067
-36035
-31773
-33731
-32505
-33451
-35236
-33113
-34740
-32275
-34047
-35001
-35706
-33852
-35834
-34143
-36091
-33951
-34179
-35306
-31980
-34765
-34623
-31506
-29700
-31051
-32358
-33322
-34916
-36726
-32962
-31011
-32567
-30135
-32112
-31527
-30061
-31697
-33158
-34408
-36264
-30940
-33419
-35048
-34217
-35439
-36074
-37344
-34114
-34005
-35577
-33339
-32446
-32775
-33621
-34894
-36977
-33810
-36454
-34480
-35041
-34543
-33758
-33733
-35015
-35821
-36268
-34345
-32577
-34077
-35591
-36622
-34309
-31676
-34479
-30561
-32317
-30256
-31929
-33719
-32257
-31269
-32176
-32703
-31753
-33373
-33144
-31251
-33207
-31330
-33210
-30874
-33499
-34283
-35811
-30786
-32372
-33855
-33713
-35096
-35270
-31839
-32440
-33499
-35806
-36039
-34197
-32084
-33571
-32061
-30686
-33465
-31830
-32980
-31324
-32234
-32297
-34247
-35363
-34397
-34948
-32016
-34159
-32910
-30520
-29150
-30548
-31031
-33493
-33342
-35059
-34268
-33516
-31906
-33965
-35108
-33512
-34233
-29094
-30761
-31974
-32354
-32081
-33717
-32506
-30118
-29197
-31757
-33435
-32462
-34251
-35393
-34922
-36802
-31684
-33310
-33803
-32465
-35231
-35527
-35740
-37135
-32686
-33070
-33629
-35857
-35763
-34621
-36322
-35581
-34599
-36745
-37244
-34040
-33352
-30291
-32437
-34431
-34011
-35719
-31869
-34115
-35271
-37006
-34447
-32439
-31677
-29506
-30997
-25568
-28217
-30671
-33097
-32606
-31348
-33522
-32966
-34906
-33342
-33611
-30574
-29198
-32447
-32068
-34305
-35367
-27726
-30120
-32758
-33866
-36184
-36804
-35111
-35116
-35785
-34036
-33212
-34248
-32925
-33271
-30277
-31224
-32809
-30657
-32774
-34828
-33672
-32396
-32591
-34078
-32082
-34169
-33559
-33465
-35712
-33909
-36252
-36600
-35397
-37388
-32909
-35542
-34070
-35486
-32518
-31933
-33819
-34825
-33273
-35285
-31620
-31358
-32909
-35115
-31546
-33809
-35844
-36306
-37443
-34689
-36158
-38162
-33666
-35683
-35680
-33828
-36243
-32759
-32998
-35309
-31989
-35380
-36559
-38481
-33941
-36108
-37513
-36694
-36321
-37761
-38066
-34992
-36900
-32153
-32761
-34614
-34101
-34806
-34077
-34144
-33250
-35310
-33293
-34704
-36516
-37537
-34871
-35574
-36882
-34694
-29484
-31613
-33128
-33807
-31769
-33518
-35453
-34306
-35945
-31054
-32681
-34172
-33027
-33927
-34514
-36379
-28713
-31203
-34145
-35486
-37386
-35341
-33512
-35370
-30685
-31787
-31011
-31529
-32832
-31705
-31441
-31058
-28384
-30325
-29528
-31217
-30669
-31716
-32222
-29534
-31992
-34457
-35131
-28081
-30649
-32857
-32323
-31892
-30645
-32014
-33358
-28406
-30921
-31989
-32357
-33229
-30708
-31163
-33385
-32434
-33746
-31930
-33143
-31394
-33679
-30296
-32323
-33615
-32415
-30567
-32715
-33848
-29906
-31233
-33114
-29620
-31328
-27923
-30392
-32808
-33099
-33287
-33778
-35246
-35336
-35236
-35320
-35985
-32382
-34755
-33704
-32113
-32911
-32943
-33967
-32246
-31406
-33071
-33552
-33984
-35030
-36119
-32941
-32355
-32703
-31516
-30306
-32626
-32856
-32067
-30268
-31868
-27988
-30759
-31698
-31311
-33058
-34172
-30290
-32494
-28863
-30253
-30002
-31934
-34412
-34382
-30114
-31222
-33142
-34915
-30650
-31803
-30295
-31719
-32696
-33593
-29120
-27460
-29950
-31775
-32340
-31263
-31418
-32958
-31182
-32680
-28804
-30287
-30248
-32438
-33698
-27955
-29612
-32140
-31303
-32102
-31428
-26364
-28467
-30989
-32987
-31602
-34586
-32895
-35114
-33550
-35152
-32777
-35405
-28298
-31057
-28043
-30251
-28899
-30688
-30532
-31683
-31590
-29391
-31989
-29892
-28035
-30012
-32610
-34519
-33681
-34648
-31153
-32617
-32721
-30994
-32697
-31058
-33177
-34011
-30756
-32737
-32854
-29848
-32612
-34253
-34653
-32675
-28305
-30988
-33040
-31111
-28354
-29941
-32279
-32599
-32941
-30189
-31039
-33369
-29847
-30363
-33469
-35557
-38135
-35361
-36369
-35652
-33832
-32227
-30597
-31481
-34111
-36175
-29889
-33387
-34593
-34385
-32046
-33726
-32801
-32043
-33952
-31654
-33331
-35159
-35317
-34061
-35054
-36047
-29411
-32663
-34723
-34998
-36357
-35320
-33740
-32297
-31854
-34010
-36199
-34767
-34699
-29376
-30773
-31451
-31841
-31867
-33609
-33134
-35146
-31139
-31744
-33059
-32401
-32253
-32638
-31338
-30700
-31304
-33366
-32413
-34572
-32047
-34040
-28992
-31201
-33501
-33143
-36024
-35743
-34275
-31740
-33096
-30958
-33468
-35521
-33897
-34353
-31981
-33909
-34554
-35837
-35341
-30001
-32532
-34856
-36685
-31979
-33442
-33272
-34528
-35873
-33288
-30827
-32908
-34464
-36065
-32732
-34536
-36223
-32397
-34329
-36571
-36292
-34034
-32275
-30416
-30594
-33125
-33907
-33611
-36016
-35731
-33093
-34720
-37202
-32414
-31266
-32743
-35194
-29472
-31426
-30223
-33087
-30927
-33351
-32584
-34811
-35992
-33920
-36896
-36988
-31995
-31930
-34083
-35397
-35862
-33106
-34241
-35073
-36462
-32788
-35322
-31579
-33778
-35921
-29398
-32245
-33275
-35197
-36932
-33369
-33624
-31737
-33563
-29679
-32774
-35190
-34805
-33323
-33383
-33210
-35764
-33260
-34280
-36140
-30173
-32422
-31544
-32672
-32451
-31534
-31069
-33366
-32113
-34877
-33879
-33463
-31336
-30653
-32771
-32722
-34145
-32650
-34364
-35913
-34392
-35559
-36511
-36170
-34856
-37010
-35753
-33615
-35866
-34680
-35478
-34446
-36541
-36428
-35401
-34342
-33250
-29970
-32682
-35234
-33166
-35750
-33126
-34831
-30724
-33081
-34506
-33186
-33275
-31781
-28406
-30463
-32339
-34746
-35009
-31720
-33345
-34897
-30105
-32827
-35225
-32025
-31888
-30053
-32606
-30803
-30748
-32910
-31845
-34330
-34026
-30089
-32315
-33595
-35195
-33444
-32927
-34731
-37125
-31379
-32397
-28884
-31487
-33177
-30876
-33660
-26045
-26311
-28945
-30381
-29235
-30743
-32031
-34159
-24724
-27696
-29652
-29373
-31180
-27325
-30246
-31442
-34026
-33735
-30120
-31655
-34005
-32218
-33742
-35524
-36134
-36315
-35341
-35201
-36780
-30556
-31968
-34394
-33838
-35077
-35781
-36876
-36885
-32551
-34149
-33003
-34300
-34004
-34365
-34286
-34984
-33570
-31220
-31484
-33940
-32037
-32322
-34561
-32403
-33674
-30087
-32643
-32589
-34105
-35773
-33943
-34739
-31662
-30192
-32510
-34174
-36030
-35885
-32574
-33978
-29968
-31784
-31607
-32761
-27366
-29859
-32236
-31421
-32559
-29338
-32229
-21385
-24749
-28094
-30727
-33584
-28215
-27081
-29619
-28528
-30851
-32920
-31527
-30461
-28656
-30761
-27473
-28832
-30621
-32481
-31504
-29616
-30728
-31356
-30998
-29243
-31646
-29396
-31689
-33817
-31078
-29532
-31498
-34309
-30295
-30279
-32651
-34660
-36108
-35213
-32189
-34846
-29956
-32210
-34353
-30460
-31821
-34262
-31989
-34686
-35323
-33905
-35428
-32916
-33557
-32939
-35675
-32539
-35171
-28612
-30622
-33220
-33449
-35300
-34858
-31728
-32826
-32582
-35094
-31003
-32670
-32242
-34766
-36098
-31095
-32227
-34098
-35214
-33871
-34987
-36895
-33296
-34170
-35232
-34126
-36284
-34736
-35633
-32089
-34164
-36355
-32385
-30218
-32864
-34949
-35757
-35883
-33996
-35023
-35807
-33628
-31009
-33351
-35327
-33003
-34595
-31576
-33966
-34810
-36639
-34196
-31027
-33485
-34230
-31532
-33299
-35949
-37584
-36557
-30389
-33134
-34918
-35261
-31386
-33433
-32315
-34235
-34620
-35005
-29123
-31751
-29246
-31902
-33886
-35002
-33478
-32739
-32530
-34864
-34553
-35076
-30738
-31747
-34116
-35314
-35991
-34496
-27434
-29312
-31849
-29576
-29432
-32003
-32279
-34181
-35199
-33540
-33673
-28966
-32295
-34573
-35613
-36356
-36553
-32995
-30403
-30133
-32077
-31582
-33143
-33584
-32309
-34086
-33944
-35556
-36329
-31935
-34110
-36158
-33958
-31609
-32848
-35149
-36694
-31472
-34202
-33885
-35663
-30181
-33390
-35049
-34579
-36103
-30614
-33004
-33748
-32742
-33432
-30908
-32515
-31567
-33922
-31162
-34001
-33575
-31848
-34246
-32080
-33656
-35530
-36082
-35448
-32018
-29861
-31694
-29943
-27634
-30433
-32877
-34553
-34744
-33867
-35679
-33578
-35172
-37007
-32210
-32325
-34541
-31151
-32682
-32661
-33943
-31277
-29295
-32086
-31677
-32892
-34148
-35614
-34387
-30839
-33506
-30660
-31788
-33449
-30611
-31140
-32435
-33279
-35046
-33011
-31805
-34200
-34830
-33546
-35115
-36852
-32790
-33632
-30014
-29561
-29848
-32048
-33811
-32153
-34046
-34608
-32999
-33149
-28826
-31078
-33518
-30104
-26226
-28256
-31151
-33745
-33857
-34854
-34788
-33155
-35401
-34894
-36673
-32323
-34055
-32944
-30644
-30727
-33277
-34500
-33974
-32386
-34454
-34734
-35185
-32278
-34573
-31788
-33775
-35755
-33578
-33057
-34485
-36998
-33790
-32297
-30620
-33465
-35613
-35629
-32485
-34782
-35456
-33287
-35146
-36426
-34789
-35213
-33996
-36183
-36122
-34583
-32443
-35458
-34453
-35006
-36584
-34034
-32363
-30869
-33009
-30770
-32658
-30678
-30160
-30994
-34006
-32782
-34408
-32252
-34737
-35999
-32372
-34252
-33075
-31065
-32982
-28443
-31453
-33280
-35158
-33490
-35343
-33040
-33851
-33953
-32901
-33169
-28898
-31873
-33821
-34308
-34838
-34227
-35547
-33506
-35522
-31491
-31628
-33938
-35863
-32472
-33885
-33308
-32765
-31769
-32201
-32700
-30534
-31935
-33325
-32985
-30769
-27885
-30531
-32731
-31036
-33786
-35078
-33224
-35043
-30560
-32145
-32948
-34970
-36820
-33441
-36163
-31677
-34093
-33891
-33510
-33540
-35964
-32147
-34683
-33596
-35425
-35026
-28756
-30779
-33981
-34220
-34879
-32916
-34812
-29621
-32080
-33864
-34929
-34632
-33021
-33874
-35875
-35151
-36354
-33338
-36014
-34095
-28629
-30568
-32597
-34336
-35704
-35636
-33583
-34370
-33561
-30194
-32849
-35553
-36395
-32004
-33763
-35360
-34936
-36257
-36915
-32255
-35289
-33869
-33033
-34969
-30623
-32799
-34198
-33197
-35162
-36915
-35779
-37090
-33561
-32348
-32384
-29338
-32225
-34642
-33551
-33986
-35002
-35237
-37404
-30500
-30549
-31669
-33934
-33954
-35509
-35135
-35203
-35546
-33326
-32025
-31238
-33288
-34122
-34970
-34115
-35021
-35620
-36862
-33754
-35739
-33594
-32540
-35348
-37194
-32716
-33791
-34237
-35544
-31869
-34007
-33674
-29654
-30422
-32805
-33867
-36216
-34819
-36193
-36000
-35004
-33683
-30680
-33309
-32805
-32984
-34445
-32884
-34783
-37162
-31897
-32231
-34765
-34539
-36399
-34503
-35606
-31221
-34138
-36543
-33015
-35398
-34205
-35471
-31706
-34401
-36181
-35441
-37889
-34459
-35596
-36256
-30614
-32141
-34519
-33147
-28480
-31274
-30058
-28872
-30712
-32464
-34576
-31471
-33379
-34445
-34340
-36068
-32378
-33943
-31532
-32888
-32039
-34265
-35231
-34395
-35177
-33568
-29324
-32364
-33372
-32462
-33728
-34930
-32664
-32000
-32780
-31634
-30806
-33630
-34928
-35465
-30286
-32307
-34521
-31525
-32943
-33708
-31490
-32770
-30011
-32820
-32873
-35191
-28913
-31582
-30978
-27713
-23772
-25282
-27012
-28988
-31356
-34011
-29630
-28920
-29637
-28360
-30369
-30131
-25159
-26676
-28171
-29233
-32308
-27119
-29889
-33014
-33300
-32496
-31549
-33847
-33978
-32430
-31324
-33192
-34624
-35438
-37202
-35517
-33185
-29554
-31984
-34045
-32927
-30471
-32260
-30996
-31500
-32941
-29906
-32401
-33855
-35950
-32425
-33804
-33468
-34904
-36746
-33030
-33756
-32528
-30511
-28236
-29932
-30764
-32880
-32571
-31898
-32166
-32727
-35184
-35953
-33109
-35251
-34368
-33761
-36269
-36056
-34059
-30989
-31324
-33464
-31064
-29524
-31140
-30597
-27715
-29725
-31501
-28768
-31034
-33610
-32918
-31804
-33666
-33818
-30188
-31376
-31589
-32848
-31160
-33359
-35015
-33455
-32668
-34195
-35814
-33413
-31399
-33333
-31627
-30563
-29206
-31712
-33072
-31553
-33583
-33194
-32534
-33679
-31523
-33116
-33452
-34960
-33550
-33950
-33819
-31062
-33401
-35865
-35814
-34915
-32386
-34297
-31721
-33890
-33442
-31481
-32652
-32708
-30825
-32929
-34505
-33112
-34676
-35475
-34419
-32507
-32980
-34200
-31938
-34435
-34332
-34120
-31081
-33472
-35386
-30604
-33421
-29514
-31489
-33420
-33193
-32336
-31695
-33046
-32809
-30416
-29309
-31476
-32818
-34723
-36467
-31729
-33880
-35803
-34440
-34835
-35172
-34226
-32684
-33614
-30724
-33132
-34650
-34547
-34906
-33716
-34024
-32448
-33214
-29923
-32041
-32365
-31866
-28654
-29614
-31986
-34149
-36124
-35056
-36190
-30499
-33377
-35209
-33261
-33241
-35570
-29568
-32262
-31451
-26561
-28998
-30430
-33199
-34382
-32436
-35170
-34395
-31347
-32067
-31525
-32127
-32382
-32893
-34052
-31371
-33101
-35240
-29955
-32243
-33965
-29109
-30292
-32863
-34402
-35520
-30954
-32098
-34117
-33411
-34631
-32871
-31591
-33118
-34016
-31882
-28895
-30297
-30687
-32319
-31057
-32895
-35020
-34552
-33042
-35088
-33617
-33600
-30931
-30828
-32352
-31776
-31640
-32682
-33089
-27104
-30239
-32132
-33242
-35524
-34694
-34761
-33314
-34676
-31446
-32460
-31653
-33145
-29462
-30171
-31966
-33265
-32708
-34540
-32788
-31795
-33595
-33036
-31828
-32799
-32239
-29793
-30556
-31252
-30110
-32428
-32480
-29920
-32280
-34200
-29737
-30204
-28440
-30811
-33007
-34694
-33338
-31043
-33609
-34664
-33048
-34648
-31577
-33454
-31714
-34104
-32255
-33123
-35513
-31129
-32731
-34285
-31162
-32749
-27934
-30752
-32658
-33037
-33232
-29401
-32113
-30846
-32595
-33825
-29758
-30851
-33064
-34927
-31741
-32288
-32848
-34400
-35374
-36081
-35675
-37080
-32825
-32227
-31645
-31838
-31777
-31397
-30364
-32283
-32832
-35057
-34379
-30789
-31560
-33400
-35678
-31078
-32740
-31465
-34331
-36319
-33900
-29908
-31724
-33220
-34609
-30598
-32813
-34216
-31837
-31895
-31362
-32935
-32495
-31774
-33390
-34818
-34464
-33702
-35658
-29966
-32104
-29843
-31815
-33648
-32719
-32373
-34363
-32325
-31556
-33784
-35632
-35870
-34314
-34808
-36148
-37636
-37527
-37020
-30682
-32045
-34494
-33491
-28422
-30332
-32869
-32027
-33549
-35313
-35529
-37159
-32923
-34383
-35555
-34447
-33535
-35678
-35164
-33626
-33261
-32609
-31170
-34163
-30769
-33046
-34408
-30141
-32743
-33592
-35360
-34211
-35778
-36322
-33918
-32150
-33698
-31272
-32945
-34513
-31414
-33295
-34012
-32507
-32354
-33367
-34144
-34164
-35932
-36848
-37333
-32802
-34995
-35577
-33766
-35341
-33460
-34253
-30397
-29374
-32117
-33781
-33102
-34048
-31571
-33766
-30574
-28888
-30412
-33073
-31167
-32795
-34225
-35742
-33065
-34994
-32667
-34919
-34598
-34512
-34544
-29723
-30073
-32255
-33470
-31339
-33067
-34876
-33905
-34809
-34266
-30680
-32776
-34197
-32586
-34262
-33784
-31600
-31253
-30176
-32625
-33547
-28692
-31578
-33181
-34493
-27806
-29866
-31715
-33613
-31543
-29632
-31358
-32400
-30702
-32139
-34486
-33505
-35322
-30018
-32117
-33552
-35802
-33978
-32333
-32851
-30807
-27377
-27570
-29694
-31861
-33476
-33457
-32325
-34609
-31529
-33599
-32655
-28555
-31571
-32992
-32983
-32818
-33890
-34242
-35254
-33733
-28087
-30086
-28573
-28216
-31044
-30066
-32376
-33224
-31210
-33953
-28587
-30161
-29217
-30450
-32514
-32497
-34509
-31465
-31754
-34549
-34297
-35497
-35755
-31900
-34731
-36537
-33770
-33155
-34558
-33904
-29841
-31585
-33588
-30183
-31959
-33793
-31949
-34040
-34477
-28783
-30904
-33206
-30050
-32930
-35179
-31267
-32517
-32382
-33984
-32226
-34268
-35019
-35310
-35727
-34881
-35614
-32770
-29554
-32108
-32305
-34419
-34706
-34518
-32362
-31919
-34095
-34511
-35276
-34471
-34653
-35070
-36256
-34911
-30965
-32683
-32724
-34862
-34452
-34499
-35241
-33615
-33361
-32745
-35041
-31016
-33585
-33617
-35219
-33052
-36184
-33730
-33480
-31133
-33444
-35029
-35096
-35530
-35687
-29387
-31425
-31555
-30995
-31795
-32281
-34398
-32140
-33658
-34716
-30503
-31936
-34135
-35718
-32843
-30718
-29710
-29405
-30986
-32009
-34410
-33404
-31767
-31024
-31590
-33240
-30631
-32368
-29000
-28685
-30811
-30549
-29104
-31489
-32950
-31511
-28588
-30779
-28094
-30160
-31440
-33814
-32151
-34046
-32782
-32919
-32038
-32085
-33261
-31234
-33012
-33303
-33952
-27986
-30662
-32973
-34677
-33310
-32158
-33514
-34645
-34047
-31435
-32649
-34409
-34105
-34585
-35328
-30465
-30171
-32224
-34215
-33122
-34004
-33260
-33333
-35356
-31741
-34250
-35148
-31072
-29557
-29340
-31416
-30933
-33074
-35269
-31281
-33545
-35020
-28562
-30567
-31182
-32546
-32230
-33303
-31429
-33048
-34474
-33791
-33540
-35576
-32438
-35072
-34678
-33544
-34953
-36382
-32028
-31222
-33415
-35396
-35136
-35724
-32031
-34545
-32165
-32679
-33502
-33522
-34509
-36096
-36398
-31874
-32666
-32877
-35165
-36568
-35212
-37026
-35379
-37728
-31575
-33186
-34296
-35678
-31970
-32519
-35001
-36752
-38270
-35338
-37505
-32035
-33995
-34800
-33147
-34368
-36610
-33249
-32988
-34439
-30801
-33476
-33904
-35203
-33827
-34243
-31304
-31314
-33667
-33963
-34484
-32641
-35203
-36299
-34811
-36231
-31041
-33523
-35003
-35157
-36235
-37408
-32057
-33061
-34996
-31074
-32711
-29821
-32289
-31055
-33787
-31823
-33766
-35971
-35889
-38537
-33815
-35885
-32874
-34162
-32616
-33994
-33251
-32677
-30991
-33372
-32465
-34578
-36445
-36638
-34822
-30081
-30843
-33539
-32715
-33169
-35487
-34646
-34741
-35829
-33358
-35101
-31558
-33964
-36324
-32838
-34679
-36248
-33200
-32719
-34310
-34070
-35752
-35018
-33083
-31082
-32489
-34445
-32288
-34173
-33822
-36128
-34093
-35257
-34622
-35865
-30652
-31998
-34056
-33726
-32865
-33366
-34703
-35563
-35159
-36591
-36756
-37379
-35301
-35159
-34861
-35225
-30726
-32952
-30827
-33341
-33912
-32534
-33305
-33120
-35491
-32628
-30904
-30525
-33129
-35396
-33148
-34158
-32019
-32796
-34618
-32254
-34379
-33276
-35165
-30053
-32361
-34074
-32726
-32049
-33607
-33655
-29738
-31568
-32880
-31341
-33187
-30798
-30032
-28558
-29405
-29066
-29677
-28003
-26648
-28676
-26479
-28053
-29082
-31691
-27836
-30130
-31067
-29219
-29607
-30240
-30847
-30384
-32678
-28390
-28232
-30521
-28380
-28258
-27056
-29395
-26015
-28413
-30666
-29911
-31124
-30581
-32340
-29657
-30880
-29947
-31163
-29302
-31518
-31387
-31010
-32395
-30621
-32011
-33422
-28776
-31148
-32436
-32748
-31985
-33881
-34886
-34457
-34313
-34545
-29428
-32226
-34416
-35371
-33755
-35390
-34362
-33209
-32657
-29487
-31076
-31963
-26228
-27445
-29383
-30948
-32125
-32724
-30417
-30682
-32078
-29357
-32341
-31344
-30992
-33184
-33630
-29865
-31893
-32852
-30450
-32979
-31963
-32227
-33603
-31179
-32541
-31168
-31278
-31254
-32804
-33311
-32765
-30225
-32522
-34541
-35500
-28999
-31292
-33267
-32734
-35008
-32405
-33904
-29588
-32073
-35037
-36881
-35763
-33924
-33244
-34008
-35519
-36847
-32017
-34330
-36318
-29004
-31548
-33806
-35408
-35257
-31732
-32277
-34390
-33812
-29892
-29720
-32521
-30002
-32293
-32331
-33431
-33376
-33101
-32678
-30452
-30083
-32185
-33719
-34511
-34278
-28759
-31943
-34254
-34820
-32522
-34139
-36286
-31318
-30274
-31645
-33015
-31671
-30941
-31629
-31124
-31260
-31929
-28393
-30319
-32351
-34417
-34173
-32018
-33906
-33239
-35499
-35778
-31046
-28869
-31880
-33554
-35083
-33852
-33495
-30389
-31752
-33580
-34967
-29807
-33034
-34608
-30709
-27422
-30274
-32629
-34381
-32210
-30484
-30775
-32948
-34849
-31206
-32755
-33105
-29958
-32127
-31505
-33121
-33630
-33687
-33716
-35381
-29455
-29785
-32159
-31963
-34421
-35952
-29910
-29524
-31093
-33743
-31359
-31039
-29380
-30777
-33085
-31327
-30351
-30168
-30453
-32476
-28784
-30540
-32833
-35373
-34549
-30855
-30789
-29166
-31239
-32498
-29464
-29277
-27557
-29851
-31668
-32316
-28228
-30023
-28298
-30800
-29556
-29222
-31224
-32892
-30794
-32951
-33921
-30690
-29156
-31446
-34024
-32370
-31939
-34278
-30340
-32155
-31074
-31264
-33573
-34643
-34154
-35703
-32014
-33817
-31226
-28577
-31297
-33650
-31884
-33567
-33773
-30321
-31458
-28596
-31139
-33518
-34846
-33276
-33419
-34106
-30282
-32532
-31757
-31430
-29715
-31390
-33126
-32338
-33442
-33633
-34316
-33308
-30866
-30536
-31720
-33230
-32035
-30919
-29327
-29482
-27394
-25512
-26239
-27537
-24621
-26070
-25039
-27896
-29755
-31476
-33572
-29082
-31598
-28241
-29457
-30108
-28924
-27919
-29832
-28726
-27716
-28110
-29422
-27680
-28114
-30146
-30044
-25895
-28926
-28159
-30777
-29448
-30339
-26489
-25901
-28049
-29517
-31525
-25576
-28660
-31142
-30466
-31569
-30804
-30395
-28583
-29833
-30802
-31633
-32454
-31488
-32793
-31920
-32977
-29348
-30599
-26941
-27024
-28705
-29362
-30637
-32371
-28038
-27683
-27525
-27616
-29204
-26388
-28078
-30446
-32007
-30783
-32934
-33857
-30754
-33484
-30178
-30268
-25423
-28141
-30559
-29742
-29502
-31208
-27993
-30413
-28135
-30013
-31865
-32670
-30297
-32632
-34997
-27788
-28186
-28503
-30928
-32635
-32810
-33679
-31264
-31715
-32799
-35072
-33149
-34569
-30206
-33065
-34524
-32311
-34172
-34526
-36035
-32077
-31103
-32044
-32942
-31057
-31634
-34254
-34662
-34205
-33073
-30841
-32719
-31983
-34032
-35524
-31036
-32694
-32320
-33085
-34537
-34584
-31242
-32442
-30661
-31670
-30813
-31303
-28556
-31027
-31843
-33054
-33708
-30828
-32612
-29741
-30852
-31732
-30965
-32390
-30936
-32175
-32252
-32906
-32131
-31442
-33639
-33806
-35482
-33708
-35790
-37422
-36409
-35328
-35792
-36924
-35746
-32065
-34352
-35941
-30368
-33550
-35290
-35136
-33434
-34226
-29122
-30507
-32766
-35237
-30564
-32062
-33232
-33956
-32662
-31828
-33657
-34056
-33105
-34443
-35762
-33539
-32938
-32446
-30724
-32625
-34463
-31601
-33648
-34801
-27505
-30439
-32959
-34495
-33889
-32967
-34673
-30959
-33121
-31872
-30359
-32002
-33133
-34224
-34932
-33515
-31991
-30684
-30160
-32109
-33171
-29565
-31807
-31434
-34062
-35580
-36168
-31419
-33319
-28609
-31276
-30243
-26675
-29322
-31856
-33502
-34631
-34360
-29744
-31883
-33910
-32732
-33406
-32610
-33986
-33873
-34060
-33766
-34437
-35292
-36622
-33790
-35509
-33351
-34696
-32148
-35284
-34340
-35713
-36395
-31295
-32242
-33105
-34928
-30197
-32213
-33260
-33978
-32634
-35361
-33195
-30478
-33284
-35307
-34519
-32178
-34071
-33286
-33128
-33895
-35316
-34336
-36001
-34443
-30649
-32489
-32354
-33317
-35348
-35571
-31935
-31729
-33352
-33399
-36105
-37447
-37196
-30717
-33725
-30828
-33942
-31517
-33841
-35609
-36188
-32213
-31660
-34325
-33178
-31318
-33317
-34360
-32083
-33781
-31997
-33551
-31582
-33053
-33805
-36279
-37956
-36518
-35946
-33767
-33222
-35244
-30774
-32489
-31523
-30614
-33260
-31231
-30448
-31591
-30829
-29904
-31060
-33613
-35034
-29619
-30716
-32961
-34289
-36206
-33232
-33854
-31276
-33200
-32346
-34176
-35432
-37265
-31671
-33461
-34121
-33794
-35082
-34341
-32642
-34408
-36096
-34210
-36169
-36924
-31636
-34359
-34255
-34820
-33079
-33842
-35902
-33702
-35802
-33894
-35298
-34594
-36332
-36471
-31785
-33714
-30180
-32191
-31781
-33582
-35102
-35415
-36463
-35330
-32856
-35227
-35695
-31540
-33848
-33993
-31081
-33281
-34376
-31747
-30587
-32286
-33683
-30730
-31517
-32998
-34018
-35810
-34370
-33843
-30495
-32120
-31237
-28887
-31088
-33164
-34385
-31158
-32825
-31113
-29924
-32026
-34107
-30490
-29814
-30962
-31916
-28154
-30761
-30953
-32609
-30937
-32363
-33735
-31616
-32556
-33392
-33045
-31371
-33242
-32404
-28881
-31904
-32779
-31075
-27744
-30799
-33452
-30435
-29251
-32212
-33359
-30283
-31853
-34023
-30662
-30687
-28395
-30511
-28923
-30439
-30604
-32282
-33552
-33694
-31162
-30704
-28659
-30842
-32370
-32881
-34476
-34371
-33930
-35909
-30065
-31680
-27288
-30395
-32733
-34071
-35759
-30473
-32853
-34735
-31889
-32832
-32115
-34586
-30149
-30538
-33172
-31480
-32128
-34141
-29675
-30994
-32989
-34767
-27323
-30406
-31779
-33401
-35426
-28759
-31004
-33222
-34527
-31119
-31541
-33536
-35088
-32109
-31789
-31362
-29687
-31861
-32875
-34575
-33877
-32199
-32164
-31947
-33141
-34158
-34148
-33323
-34879
-35409
-31755
-33719
-32561
-32548
-34164
-30622
-33719
-32393
-33393
-35026
-32972
-34164
-32409
-31400
-33609
-33845
-35436
-32329
-31953
-32406
-31802
-31491
-30922
-33778
-35432
-31392
-32226
-31855
-25756
-29095
-31029
-27985
-29990
-32425
-30973
-33320
-29590
-30793
-31772
-33590
-31509
-32989
-30684
-30514
-28743
-31274
-28617
-26216
-29276
-31199
-34220
-35806
-33937
-35119
-34116
-32884
-30601
-29426
-32464
-32281
-32592
-29624
-31981
-32303
-29043
-31811
-33686
-34531
-35136
-32529
-34425
-30929
-32890
-29478
-31684
-31185
-32586
-29257
-31630
-31232
-32293
-33102
-33507
-34438
-34743
-30311
-31950
-31326
-32981
-34533
-33519
-35299
-33342
-31466
-33249
-33356
-30665
-28989
-30727
-32432
-31809
-29049
-31669
-33432
-33025
-30645
-29657
-31959
-33853
-33689
-34389
-34413
-33600
-33999
-32469
-30320
-33046
-35035
-29802
-32951
-34719
-34795
-30371
-33005
-33697
-34688
-33272
-35493
-31318
-33634
-35497
-36455
-30407
-31209
-33129
-31184
-33989
-34103
-30076
-31805
-33302
-31581
-33075
-33420
-29992
-32870
-32539
-31317
-33913
-30250
-32696
-32161
-33887
-34482
-31759
-32635
-30347
-30821
-33243
-32745
-32628
-34356
-33882
-34302
-34207
-35061
-34826
-33342
-34113
-34673
-33916
-35543
-33861
-36155
-36908
-35993
-35166
-33870
-32324
-31224
-32455
-29080
-30692
-29569
-30496
-32684
-34497
-32972
-34805
-30452
-31886
-29835
-31506
-29107
-31203
-33505
-32011
-30697
-30565
-31854
-34896
-31534
-33249
-29461
-32428
-33362
-35107
-36635
-31837
-30930
-33010
-31581
-33998
-34328
-32291
-30173
-33707
-31351
-32457
-33515
-33201
-31006
-33103
-33133
-31815
-31698
-31407
-31909
-32953
-31463
-33587
-33669
-33245
-28683
-31117
-29938
-31542
-28248
-30130
-32278
-29753
-26623
-27525
-30093
-32552
-33875
-33850
-35361
-36516
-35057
-33770
-34631
-30183
-31804
-31611
-33954
-35622
-31127
-32847
-33928
-31884
-30439
-30361
-32623
-35690
-33212
-34624
-32616
-31291
-30114
-32439
-32327
-31374
-27419
-30570
-30866
-32092
-32659
-32973
-34053
-35246
-34420
-35808
-32898
-34232
-31433
-30536
-32967
-30171
-33046
-34560
-31103
-31933
-31733
-34009
-31222
-31939
-31253
-33428
-33945
-33901
-35430
-30749
-32916
-34219
-32734
-27634
-30110
-32061
-33019
-27640
-27601
-27146
-29769
-30801
-32853
-34608
-35954
-29908
-32097
-30807
-30042
-31968
-33897
-31559
-33153
-34325
-35971
-31963
-33504
-32870
-28460
-30974
-32515
-26883
-30252
-32423
-34552
-34080
-32058
-34173
-32847
-31752
-31951
-33940
-31181
-31862
-27692
-30067
-28670
-30360
-31638
-27368
-29802
-25610
-23983
-27439
-30350
-32628
-34865
-36269
-29311
-31187
-32859
-35353
-35230
-34482
-32035
-34158
-32159
-30322
-31887
-31263
-33898
-34066
-33250
-34462
-31087
-25752
-26801
-28449
-30178
-31421
-32340
-33683
-30624
-27340
-29586
-29660
-27474
-30335
-32274
-31002
-29369
-31640
-32592
-29662
-32064
-34014
-35925
-34423
-36864
-36109
-31824
-31887
-31049
-32300
-34329
-30977
-30642
-32160
-33656
-32649
-34419
-34372
-29792
-31265
-33149
-33861
-35966
-33988
-32789
-32295
-34208
-36108
-34853
-32180
-33853
-34576
-35418
-33302
-33935
-35423
-30062
-30705
-31814
-32847
-35019
-35348
-37368
-31269
-29573
-31941
-33002
-34542
-33469
-34490
-34532
-29170
-32414
-34070
-34276
-36191
-33064
-32945
-34053
-34059
-32243
-35066
-33948
-32271
-33473
-32536
-32357
-34292
-34803
-34814
-28585
-31621
-33425
-31667
-32942
-34317
-34596
-31474
-33941
-31971
-32473
-31637
-31093
-31835
-34070
-35729
-35007
-36600
-31389
-33435
-35288
-34059
-28627
-31822
-33759
-34415
-31497
-34053
-34796
-35455
-32813
-31934
-32073
-30374
-31708
-34079
-33438
-33459
-34138
-28558
-31125
-32647
-27519
-29866
-30785
-32095
-33211
-32302
-30485
-33208
-31001
-33234
-30629
-28079
-30242
-27215
-30081
-31972
-34019
-33208
-31730
-33218
-32594
-30861
-33261
-35812
-32493
-32317
-28389
-30558
-32149
-32884
-33515
-34017
-34771
-31997
-32151
-32669
-31486
-31498
-33412
-30300
-32545
-33097
-34598
-31345
-30968
-32233
-32591
-30715
-31989
-33955
-30760
-33142
-34740
-32742
-35475
-37081
-32877
-34476
-34191
-34353
-36311
-33121
-34941
-35899
-33707
-31683
-34322
-35980
-32383
-34883
-35445
-36893
-38553
-34911
-32242
-32432
-35384
-33782
-31629
-32118
-33733
-31403
-34156
-29704
-33223
-35342
-35744
-37953
-35684
-34618
-35308
-35496
-34256
-36194
-31957
-30583
-33176
-35232
-30937
-31714
-33074
-34277
-35312
-35280
-34622
-35931
-32046
-33759
-35183
-32335
-31905
-33544
-33764
-29626
-30694
-31901
-34509
-33046
-31977
-31929
-32790
-35023
-37110
-32810
-34327
-35686
-33139
-33338
-32098
-32487
-34084
-31744
-31116
-33881
-31387
-32145
-34163
-34668
-36215
-34331
-32630
-31331
-33739
-32954
-34296
-35907
-35639
-30811
-32878
-33215
-33710
-34886
-34595
-33856
-30458
-29847
-28688
-28349
-31074
-32685
-28368
-29834
-31839
-33438
-29658
-32725
-34862
-35924
-34253
-34770
-30631
-33165
-30349
-32037
-33320
-32208
-31331
-30550
-28212
-28899
-26246
-29403
-32468
-34049
-28973
-28029
-27437
-28888
-29158
-31434
-29854
-31853
-29448
-30957
-29928
-31154
-27037
-29837
-32400
-32271
-34117
-35552
-35840
-33997
-33358
-35066
-30442
-26088
-26613
-28979
-31979
-27729
-28927
-29043
-27999
-28582
-29404
-30095
-29984
-32448
-33669
-32122
-33204
-34468
-33229
-35231
-34741
-34798
-36234
-32511
-28207
-26807
-24470
-28073
-21993
-23204
-24449
-27855
-27114
-29532
-32003
-33831
-30535
-29995
-32649
-29586
-30523
-32887
-31500
-31727
-33487
-34149
-31843
-31637
-33452
-33705
-28322
-30866
-30916
-27691
-27878
-28728
-28894
-28753
-30182
-30922
-31917
-28587
-30443
-31744
-32360
-27291
-29233
-31169
-33000
-31714
-29664
-32463
-27106
-27007
-30170
-27939
-29554
-29860
-32763
-29058
-31468
-32863
-34165
-35001
-36200
-32697
-31142
-31596
-32478
-33095
-34102
-32288
-33785
-32742
-34418
-32508
-33292
-34271
-34524
-32516
-34133
-36040
-34071
-34989
-32324
-31922
-33265
-31298
-33642
-31251
-31789
-34667
-33696
-33891
-30297
-32943
-30983
-33094
-31413
-33376
-35487
-31259
-31325
-33194
-35073
-37016
-31200
-31126
-27177
-26851
-28533
-26458
-29032
-31207
-33695
-31273
-33197
-34094
-28719
-28529
-30978
-32995
-33650
-29347
-29945
-33012
-29058
-29525
-31419
-31694
-28925
-31320
-32183
-33772
-35408
-35686
-29823
-31553
-30675
-32462
-34499
-32798
-34846
-36940
-37918
-35312
-34943
-34235
-34577
-34233
-34755
-30150
-33040
-35046
-31027
-33954
-36315
-33937
-35501
-36200
-36763
-35795
-35859
-37013
-33716
-32663
-30116
-33204
-32277
-34511
-33964
-34090
-33478
-33646
-35767
-37628
-36600
-33239
-34911
-33147
-35378
-34932
-33910
-35869
-37016
-32932
-34781
-34259
-36666
-35803
-34096
-35547
-32499
-30984
-32942
-32230
-34122
-31807
-28270
-26610
-27490
-28827
-29694
-29748
-30938
-31191
-30855
-32599
-31242
-30233
-31730
-32223
-33722
-32662
-33892
-31430
-29086
-31257
-32864
-30863
-32017
-34274
-34799
-36020
-33655
-34428
-35516
-33285
-35081
-32691
-33019
-32704
-33366
-34643
-31062
-32251
-33318
-33234
-34152
-31626
-33200
-30711
-31999
-33248
-34472
-29891
-32326
-32493
-33089
-31910
-34280
-34460
-36798
-36662
-33339
-33851
-35789
-37119
-35186
-34544
-36661
-38425
-38464
-32940
-33001
-34444
-36304
-37307
-39343
-36985
-35797
-36247
-37050
-35952
-34748
-35579
-36080
-33610
-35273
-33107
-34506
-33806
-30948
-31888
-33645
-31317
-33160
-34609
-31110
-33410
-35430
-34719
-36574
-35463
-36859
-31377
-33880
-35849
-37100
-37671
-36383
-35736
-30835
-33627
-34921
-35661
-32871
-35313
-37117
-37210
-34909
-32449
-30942
-33108
-34104
-36245
-33052
-32632
-35354
-34388
-33756
-32890
-35407
-34879
-36571
-35758
-36970
-34988
-36568
-37160
-36654
-35695
-30728
-33847
-35777
-32124
-33035
-33489
-31508
-33072
-34318
-32539
-34639
-32950
-31193
-33708
-35361
-34317
-30399
-32050
-34363
-36123
-35467
-34028
-33544
-34183
-35251
-36342
-33892
-35931
-30519
-32691
-35233
-37520
-35412
-37213
-32339
-34508
-35509
-32063
-34028
-34808
-36280
-35911
-30195
-31825
-29925
-31341
-32250
-33098
-32878
-30760
-30345
-31844
-34005
-32690
-34699
-31899
-34740
-34213
-35762
-36774
-30438
-32869
-35105
-31286
-32412
-32059
-33286
-34508
-35867
-31843
-33454
-35187
-32209
-33728
-35870
-30144
-33185
-30825
-32342
-34405
-34722
-35610
-35197
-33499
-30350
-33132
-29018
-30600
-32716
-34209
-31332
-29835
-32950
-31548
-32298
-33840
-33366
-33337
-35514
-33246
-34402
-30743
-32107
-31906
-32006
-33657
-33963
-34310
-33155
-33399
-28649
-31172
-34028
-31463
-33190
-35570
-33431
-35547
-34492
-32415
-33412
-33574
-30841
-33668
-34429
-32021
-33292
-34001
-30185
-32286
-33032
-31905
-30785
-31645
-33407
-32983
-33052
-30179
-31542
-29448
-32735
-34510
-31795
-32798
-32107
-33283
-34325
-34409
-36293
-34466
-33033
-33700
-35409
-33964
-32864
-31511
-33626
-34017
-33985
-33452
-32996
-35457
-33649
-29596
-31788
-33114
-35067
-31670
-30192
-32002
-32651
-33869
-33484
-30069
-29605
-31924
-34370
-30266
-32379
-34167
-31685
-33554
-35864
-32489
-34036
-31765
-32019
-34645
-33549
-34110
-33480
-33862
-32564
-33519
-34242
-29469
-32172
-32373
-27832
-30579
-30363
-30261
-32992
-32687
-32675
-33715
-35471
-32758
-28542
-31421
-32395
-34352
-31157
-33734
-32003
-34447
-34744
-36271
-34387
-31702
-33617
-34921
-37109
-36719
-33490
-32343
-32005
-33923
-36144
-35894
-35589
-32648
-33074
-33211
-34118
-28882
-29554
-30218
-31908
-33809
-33077
-33235
-34941
-33286
-35149
-32665
-33957
-36206
-33515
-34943
-34608
-32617
-34142
-33996
-34902
-33379
-34810
-33645
-32772
-34056
-35400
-33438
-33410
-31646
-33047
-33686
-32514
-33030
-34690
-30245
-32279
-32799
-34968
-32583
-34230
-34183
-31813
-32574
-34011
-32913
-34944
-32377
-28107
-30772
-33253
-34026
-33684
-36222
-32922
-35002
-35786
-34662
-32419
-30407
-32043
-31789
-32691
-34768
-34298
-34039
-35114
-33333
-34581
-36018
-33481
-34656
-31838
-33225
-31322
-33941
-33220
-35306
-35625
-33353
-34894
-30032
-32217
-33382
-35919
-37612
-30706
-33216
-35010
-33573
-33572
-30322
-32930
-33556
-33766
-32280
-32105
-34502
-31312
-31545
-32667
-34846
-30785
-33563
-30853
-33773
-30400
-32544
-32566
-30673
-31833
-34340
-32601
-34551
-30866
-32251
-32344
-29945
-32056
-33729
-35204
-33488
-34714
-32711
-32259
-32758
-33783
-34960
-30743
-31923
-33869
-35563
-32191
-33760
-31815
-32125
-34420
-32388
-33497
-33706
-35497
-36798
-36917
-31919
-32947
-33366
-35746
-29432
-29093
-31960
-33663
-31645
-33768
-34641
-36552
-36605
-31300
-33388
-32375
-34139
-31656
-33726
-35230
-33305
-32092
-31779
-32791
-32451
-31294
-32464
-34087
-34901
-32347
-31953
-34305
-36042
-33392
-34022
-28664
-31006
-32032
-34051
-35146
-31706
-31596
-33508
-33968
-35613
-32160
-32279
-31915
-33821
-33541
-35510
-36776
-35146
-36608
-32098
-34172
-35753
-33694
-33704
-26827
-29606
-31385
-33682
-35564
-34344
-34189
-35588
-35391
-36134
-32657
-34309
-35428
-32977
-34367
-35388
-34916
-34778
-33913
-35206
-37275
-35516
-35514
-33799
-33975
-32148
-32245
-33414
-34794
-34183
-35166
-33371
-31663
-33311
-34754
-33904
-33045
-34367
-35320
-36391
-33214
-34717
-35190
-32747
-34514
-31539
-33679
-34379
-34376
-34778
-36709
-36293
-36548
-37270
-33323
-28903
-31853
-33383
-30050
-32047
-30399
-32862
-33490
-27725
-30319
-31598
-27636
-25403
-27346
-30311
-33032
-32499
-31109
-32664
-33890
-34392
-30606
-32198
-30754
-32782
-30388
-31781
-30854
-31121
-30022
-31993
-33338
-27225
-27830
-25542
-28357
-27996
-30290
-30449
-29782
-30627
-31498
-32579
-32008
-32790
-27521
-29540
-31419
-27178
-28949
-30360
-26633
-29213
-31503
-29256
-27913
-30466
-32274
-31765
-33830
-29579
-32056
-32102
-28113
-30773
-32569
-31625
-33910
-27438
-30372
-29578
-28475
-29494
-29706
-31558
-28478
-29684
-32085
-30965
-28492
-30922
-29124
-30955
-31568
-29663
-28062
-28691
-31567
-29229
-30316
-31824
-31638
-32219
-28423
-29104
-27568
-28989
-31160
-32148
-33880
-33249
-32648
-30692
-32589
-32863
-33615
-32115
-34264
-31159
-32778
-31246
-32468
-32449
-33939
-28593
-26149
-27988
-26885
-29197
-31001
-30456
-28237
-30972
-29581
-32180
-31612
-34596
-30898
-32602
-30711
-32670
-29432
-30372
-28963
-30428
-31893
-34066
-34436
-34055
-30545
-31592
-30232
-32911
-28391
-30795
-32363
-33820
-31340
-31289
-29849
-32552
-33836
-34584
-30324
-32855
-35041
-32958
-34173
-33490
-32366
-30181
-32269
-33515
-32386
-30572
-32019
-33914
-34035
-30929
-32675
-35740
-34532
-33098
-33561
-32012
-31615
-32979
-34332
-30272
-32581
-34564
-35097
-34116
-32883
-32603
-34022
-34980
-31899
-33798
-36258
-35377
-32379
-30510
-28775
-25480
-29007
-28012
-30341
-24337
-28276
-27872
-30053
-29287
-27417
-29099
-28108
-30388
-30891
-29003
-30815
-31517
-31231
-33354
-32508
-34411
-32395
-32951
-33876
-35875
-34010
-32878
-29129
-29644
-30520
-32815
-32561
-30766
-32787
-34838
-33452
-33449
-32258
-30979
-32867
-33129
-29057
-31894
-33827
-31683
-34204
-33533
-32347
-34487
-32928
-30269
-32175
-33246
-31176
-32319
-30813
-32389
-33918
-33374
-27320
-30048
-32125
-34126
-31778
-31408
-33042
-32008
-33871
-34706
-30406
-32755
-34629
-34266
-34095
-35788
-33814
-32529
-29456
-30875
-33006
-34344
-34838
-31227
-32900
-32160
-33534
-33237
-33369
-32575
-30552
-33322
-34180
-31247
-33004
-29877
-31450
-33577
-35250
-34633
-31999
-33624
-35258
-36819
-35224
-34453
-33231
-31635
-29123
-30820
-32710
-35129
-30067
-31452
-34317
-33953
-36019
-34186
-34604
-32994
-33839
-35665
-33473
-36082
-30978
-33531
-34098
-32285
-34509
-35834
-33289
-29992
-32806
-32354
-33685
-31412
-34123
-35242
-30973
-33281
-24159
-27355
-29428
-31845
-33509
-30331
-32383
-33384
-34912
-28907
-26204
-24670
-24929
-27088
-28004
-27246
-29473
-27025
-29576
-27021
-25167
-27948
-28630
-28142
-30099
-32532
-31356
-27081
-27379
-27810
-29839
-32007
-26706
-23596
-23816
-23668
-23275
-25202
-22534
-22448
-23982
-25748
-22100
-21834
-24192
-27106
-24700
-28117
-27285
-26691
-25163
-26517
-29319
-26542
-29252
-31838
-32908
-34632
-30670
-29610
-30404
-30913
-29735
-30961
-28260
-29994
-27764
-24545
-26301
-24909
-24125
-25783
-27778
-29842
-28417
-30091
-31169
-29270
-30477
-28726
-30150
-27249
-29153
-28114
-29605
-28636
-27586
-27355
-28094
-29523
-28959
-28158
-26774
-29897
-28307
-26413
-27848
-25331
-28112
-29387
-27502
-29364
-29025
-31386
-32220
-34578
-33629
-31351
-31773
-33262
-30520
-32840
-28577
-30926
-33340
-35063
-31544
-31883
-31661
-30092
-32019
-29251
-28099
-30634
-32140
-26888
-25878
-28037
-28183
-29934
-29340
-25867
-25827
-26554
-29879
-24534
-26267
-28636
-23735
-24419
-26523
-25972
-24532
-24327
-25368
-22323
-23374
-24677
-23060
-24198
-24163
-23921
-20935
-21926
-22128
-20430
-20798
-22856
-23755
-21754
-22685
-22766
-20816
-18727
-20474
-20314
-21421
-21390
-21917
-18089
-18657
-19817
-20817
-20698
-18085
-18971
-21580
-24572
-21055
-23238
-24762
-24810
-25227
-26804
-22927
-25617
-26727
-24470
-26248
-27605
-27347
-30002
-27811
-24211
-26665
-25658
-23818
-26774
-27777
-27193
-29294
-29632
-25872
-27777
-31286
-28521
-27811
-30625
-27566
-26135
-25819
-24097
-22851
-22263
-20178
-23591
-21984
-23998
-26453
-29131
-30999
-30743
-33660
-27018
-30409
-32239
-31308
-33505
-28257
-29451
-30037
-32160
-33254
-34880
-34615
-36645
-34395
-35778
-36322
-36946
-28745
-25358
-28584
-22848
-25629
-23924
-26181
-27250
-27651
-30255
-31027
-32003
-31177
-33329
-29183
-32460
-35193
-34467
-29049
-30226
-32275
-31693
-30278
-27630
-27338
-27047
-29417
-30199
-28064
-30855
-27761
-26669
-26771
-21124
-22594
-24832
-22604
-25511
-25315
-27248
-28085
-30749
-30804
-26987
-29817
-27530
-29225
-28465
-31967
-31892
-25637
-27462
-29512
-31896
-28641
-29819
-32443
-30706
-30362
-30388
-24881
-27991
-30054
-28829
-30861
-31087
-27713
-29104
-32217
-28141
-30718
-29842
-30871
-31689
-33255
-32592
-32869
-33938
-30708
-22668
-25364
-22720
-26112
-28116
-26000
-27231
-23955
-27496
-25386
-24673
-24483
-26273
-29136
-26446
-29406
-24621
-25446
-25396
-27771
-27790
-16692
-20610
-19093
-20869
-21487
-21311
-23857
-25432
-25409
-23782
-24135
-26445
-28915
-27542
-27398
-25350
-25727
-27765
-29973
-26688
-29356
-30672
-31473
-31231
-28771
-30986
-31011
-33377
-34708
-30930
-32961
-31502
-33697
-31082
-33183
-35392
-30989
-28931
-31371
-30172
-31120
-33295
-34615
-35869
-32548
-33282
-32791
-34273
-31096
-32993
-33555
-32134
-29300
-31233
-33142
-33819
-34334
-35008
-36313
-34898
-33741
-34907
-34789
-33718
-32548
-30826
-27006
-30020
-31761
-27398
-30288
-32940
-34459
-34636
-34567
-34018
-32286
-33541
-32407
-30756
-33381
-30875
-33171
-28814
-31733
-33262
-34767
-29688
-28478
-27697
-29976
-31824
-32226
-34144
-35551
-32376
-29751
-31601
-32414
-31785
-30261
-32404
-30098
-30074
-31776
-32283
-33828
-35707
-33981
-32559
-25757
-27524
-27737
-24628
-26821
-28089
-25923
-26807
-24971
-22668
-23543
-25004
-26758
-27783
-26904
-21406
-23379
-25004
-27322
-26273
-27957
-29952
-31695
-28704
-26750
-29235
-28351
-29167
-30311
-31099
-32648
-30995
-30301
-30259
-32056
-33751
-34825
-34227
-35489
-30840
-32801
-31937
-33719
-35958
-32856
-34880
-36572
-36275
-31451
-32515
-32456
-33823
-33364
-30901
-32855
-31176
-30779
-32518
-32061
-33817
-30160
-32702
-33949
-32316
-34386
-34229
-31730
-33892
-35198
-33853
-32907
-30842
-32936
-30619
-31007
-33873
-33142
-34282
-33578
-33671
-32829
-31381
-33650
-35535
-33949
-35960
-33299
-35316
-32207
-33840
-32231
-33608
-30004
-32824
-32423
-34726
-33706
-32150
-31599
-34009
-34414
-35657
-34857
-34264
-35348
-34324
-33443
-32789
-34249
-31521
-33606
-35434
-36332
-35892
-31836
-34220
-32379
-32197
-34658
-29869
-31935
-32571
-30573
-29919
-32031
-28529
-27729
-30868
-33416
-30147
-32002
-32784
-34471
-31315
-32676
-32095
-32261
-31939
-32946
-34321
-31979
-33256
-33765
-28760
-26464
-29148
-31852
-30915
-32546
-33712
-29796
-28212
-29868
-28878
-29309
-28693
-30314
-31617
-33901
-31216
-33344
-33916
-32328
-33681
-35065
-31003
-29677
-32701
-31178
-31334
-28621
-31376
-30354
-31682
-32198
-28634
-30635
-32398
-34035
-35256
-32242
-30295
-32122
-33624
-30810
-31677
-28390
-29756
-31887
-32448
-31931
-33801
-35557
-33714
-24286
-27700
-30225
-29502
-31305
-33588
-33776
-30352
-32210
-31749
-32425
-28391
-29119
-25643
-27317
-30452
-27944
-30002
-28890
-27611
-30622
-32664
-28460
-26904
-26266
-27217
-27577
-28708
-30927
-28836
-31265
-31182
-33795
-31295
-33382
-34352
-34926
-33345
-35160
-29508
-31962
-32343
-29224
-30765
-30892
-32561
-27039
-29098
-30297
-32477
-31127
-31718
-34247
-35632
-33296
-34739
-33475
-35686
-31122
-29758
-32230
-32859
-30915
-29784
-31429
-29424
-30582
-33240
-29134
-30252
-32625
-33625
-31575
-30691
-31010
-31993
-31569
-30557
-32809
-30629
-31321
-31705
-33743
-36175
-32596
-32866
-33942
-34440
-32729
-32187
-33416
-34526
-33971
-33643
-32065
-34060
-34389
-31458
-34312
-30704
-31318
-33143
-29705
-31837
-31311
-31809
-33224
-31606
-33312
-32200
-32668
-35129
-33767
-33213
-29299
-31884
-33740
-33978
-35252
-30874
-28851
-31139
-30512
-32007
-34052
-30863
-31806
-33873
-30987
-32765
-33469
-34050
-32559
-34636
-34025
-33186
-32729
-35104
-31296
-32347
-34673
-34789
-36869
-31926
-34063
-35668
-30886
-33737
-35718
-32439
-34800
-32991
-32502
-34020
-31222
-33660
-32583
-33516
-35750
-34044
-33978
-33579
-35724
-34082
-35022
-34620
-35491
-32851
-33967
-35375
-33287
-33527
-34833
-32738
-34907
-31505
-33166
-32987
-35126
-35340
-30648
-33148
-30990
-33779
-35278
-37375
-31920
-31825
-30996
-31146
-33719
-35346
-34462
-36198
-37399
-36191
-32618
-29656
-26641
-28866
-30692
-30959
-32127
-34213
-35923
-32432
-34278
-29692
-32503
-34386
-35924
-32980
-33619
-32124
-30668
-31473
-33132
-34783
-34731
-34892
-34725
-34409
-32648
-30831
-31043
-33039
-33413
-34379
-35466
-32161
-34004
-36630
-37457
-34255
-37137
-35677
-34926
-33711
-32840
-35064
-32827
-34527
-33953
-36011
-36423
-38330
-34565
-35022
-29842
-32061
-33864
-29492
-32900
-34561
-34294
-36103
-34857
-30198
-31981
-32017
-33940
-35526
-29992
-30176
-32291
-33462
-35931
-35446
-33362
-34190
-34616
-37327
-36786
-35538
-37691
-35748
-36733
-32724
-30784
-32054
-31159
-25372
-27787
-30972
-32321
-32402
-32481
-33565
-32021
-28696
-30890
-30281
-29873
-31453
-30407
-26948
-28362
-27824
-29524
-31408
-33243
-35308
-33138
-34634
-32198
-34672
-34323
-34511
-35558
-34900
-35615
-31286
-33026
-33742
-33714
-28774
-30820
-31645
-31580
-32513
-31897
-30803
-30682
-31960
-33066
-30436
-31772
-33227
-34127
-35469
-32317
-33029
-35209
-33476
-33140
-35198
-36105
-35836
-34782
-34509
-36535
-35783
-37250
-32664
-33959
-31971
-33472
-33815
-34528
-35432
-33570
-29887
-32710
-34851
-33711
-33404
-35648
-36586
-30686
-32272
-31016
-32373
-34376
-31210
-34129
-35410
-35755
-33708
-33908
-36248
-35528
-34890
-37180
-38627
-35471
-36856
-35338
-31454
-33700
-34569
-35659
-34209
-34192
-36336
-30041
-30632
-32606
-34715
-33979
-35044
-32467
-33987
-35146
-30733
-31309
-34049
-35982
-35845
-31443
-32653
-34860
-34081
-31626
-32139
-33807
-28731
-31210
-33602
-29492
-31505
-32414
-34356
-31711
-31823
-33937
-32817
-30551
-32082
-33695
-32368
-32224
-34084
-32539
-30591
-32746
-31617
-33031
-34304
-35796
-34836
-34270
-35297
-35933
-36512
-37626
-34381
-33228
-31721
-33242
-34056
-36280
-35016
-36662
-33390
-35034
-34243
-35111
-32153
-29362
-31762
-33201
-34658
-35958
-31021
-31701
-34176
-34487
-35925
-36135
-36319
-33975
-36008
-34234
-36447
-35832
-37337
-36638
-31898
-32566
-34555
-34947
-36250
-35360
-36936
-37227
-35150
-33998
-34800
-33974
-35659
-35756
-36231
-33515
-34716
-33716
-35599
-35610
-32167
-33807
-35707
-37376
-34359
-35909
-35897
-36575
-36433
-31165
-29615
-31245
-32815
-34082
-36333
-32472
-33958
-35468
-37321
-34262
-30664
-30454
-32413
-34227
-31460
-28703
-28898
-31824
-34259
-33252
-35523
-33742
-31396
-33382
-34624
-36941
-39403
-32835
-34716
-33246
-35331
-35746
-36409
-36218
-37425
-35748
-31117
-33816
-32771
-32237
-33871
-34594
-34640
-35309
-36543
-36100
-35727
-32879
-34043
-33837
-34174
-35124
-30653
-32779
-32265
-32447
-31787
-32383
-32947
-34309
-35150
-31600
-31623
-32880
-29606
-31669
-30631
-32419
-33284
-35361
-30743
-29045
-31543
-32414
-31232
-28199
-30919
-33163
-32254
-34508
-33568
-35375
-30924
-30987
-32158
-34473
-26041
-25431
-27665
-27143
-25804
-28913
-29533
-22099
-23272
-25035
-26009
-27696
-29053
-31359
-31450
-31168
-27362
-29414
-30659
-25571
-26416
-27464
-28155
-28790
-31122
-30781
-29696
-28680
-31017
-32643
-33087
-27899
-29422
-32013
-28534
-30899
-29923
-28631
-30558
-31314
-31938
-32393
-31124
-30485
-32464
-32881
-31420
-32670
-34553
-32858
-33038
-32139
-31710
-33573
-32030
-32150
-34241
-32175
-33568
-35369
-33437
-32818
-33631
-34414
-33569
-31166
-31600
-26877
-28464
-28324
-29628
-31289
-30951
-28762
-31708
-31140
-32699
-28901
-28129
-29004
-30884
-31836
-32471
-27166
-30060
-29685
-31255
-30370
-32369
-33174
-32266
-34376
-29706
-31588
-30775
-33444
-31500
-32344
-33286
-33571
-29074
-32287
-33590
-30601
-31103
-30803
-28848
-30199
-28005
-26695
-29043
-29757
-28679
-29785
-29640
-26727
-29071
-31320
-33922
-30200
-32462
-33583
-35249
-35247
-31307
-32979
-34773
-29994
-28021
-29732
-31343
-29737
-28760
-30229
-27046
-29042
-30780
-32228
-33722
-33913
-31372
-32581
-33553
-34661
-35218
-31901
-29226
-31748
-32012
-33801
-32414
-27448
-28598
-29577
-30509
-30922
-33292
-35023
-36302
-32702
-31835
-28380
-30013
-33004
-35025
-33257
-32859
-32275
-32325
-33712
-31845
-34280
-32492
-34499
-34297
-35132
-35545
-33719
-35016
-37550
-34163
-33004
-35643
-32566
-34561
-30325
-31400
-33587
-32532
-31127
-26411
-27864
-29296
-28915
-30630
-29538
-31881
-32642
-33959
-33150
-30764
-29047
-30608
-33135
-35033
-36004
-30718
-33433
-34737
-35106
-34698
-34693
-29433
-32511
-31352
-32818
-30308
-32023
-30189
-26923
-27051
-29397
-31539
-31235
-33281
-34743
-32531
-32780
-27254
-29214
-30740
-32630
-31934
-33532
-33444
-32788
-31552
-31571
-34236
-32582
-31661
-29193
-27647
-29737
-26816
-29389
-31484
-33134
-29804
-31192
-32545
-30093
-29734
-29299
-30924
-28308
-30434
-29352
-31475
-33206
-33317
-27315
-25471
-28813
-30056
-27665
-30479
-30963
-29338
-25848
-28449
-30922
-31387
-29203
-30969
-32591
-32565
-29833
-31558
-30167
-30836
-29735
-31459
-34009
-32043
-32883
-30136
-31415
-30955
-32278
-30303
-32715
-33667
-36273
-37190
-30286
-31372
-33307
-29947
-26823
-28921
-30783
-32761
-33728
-34229
-31112
-33429
-35254
-36319
-34594
-35801
-37024
-32658
-35496
-36999
-35403
-32937
-34615
-34263
-31467
-33422
-31223
-33578
-35273
-35026
-37222
-34185
-36116
-36730
-37025
-32983
-32545
-35101
-33727
-33250
-33671
-36009
-29765
-24693
-20042
-23632
-25580
-28346
-31499
-32977
-34171
-36051
-32578
-28987
-31686
-33043
-35154
-35232
-31665
-33850
-34403
-35450
-36597
-33198
-32699
-35391
-29735
-32389
-32734
-34467
-34004
-30759
-32230
-34392
-34939
-30292
-33292
-32796
-32786
-32508
-32712
-34515
-32277
-32620
-34471
-33431
-31144
-32674
-32570
-32031
-33628
-29448
-32195
-34058
-31770
-33313
-30403
-32667
-28785
-28545
-30599
-32364
-34429
-32755
-31223
-33102
-32210
-34675
-30097
-31899
-31845
-32410
-31975
-30983
-32755
-34130
-31462
-33641
-32878
-35106
-31747
-33546
-34534
-36359
-37723
-27505
-30146
-32436
-33982
-33718
-34954
-33459
-35139
-31528
-31566
-33830
-34083
-33113
-35086
-31840
-32239
-29625
-32338
-34784
-34540
-32569
-34550
-34438
-32707
-33987
-33917
-35408
-36036
-37601
-35980
-36277
-35252
-32219
-34561
-26281
-28447
-31277
-33441
-33718
-32187
-33948
-32426
-34805
-36408
-36370
-26014
-23611
-26705
-24935
-25981
-25888
-28380
-30013
-31826
-31751
-33024
-34397
-31889
-29441
-32443
-32949
-30095
-30404
-29337
-24019
-25604
-27879
-27482
-26754
-29089
-30644
-26406
-29123
-30882
-33890
-31614
-33900
-30058
-31647
-29715
-27385
-28302
-30826
-32599
-34080
-33639
-33042
-33874
-36193
-28833
-31990
-33323
-34515
-35212
-34743
-37343
-33519
-28493
-23669
-26520
-25747
-26915
-25512
-27508
-27509
-30447
-24548
-27638
-30871
-33377
-35863
-36443
-28638
-27804
-25349
-27014
-29332
-30324
-28225
-30428
-32680
-33926
-35368
-36550
-31736
-33964
-36028
-33090
-33513
-32323
-22790
-21519
-24368
-22340
-23816
-21524
-24405
-26298
-23793
-27283
-22985
-24184
-25834
-28503
-31429
-33466
-34783
-31451
-33555
-34036
-33565
-34186
-36485
-34547
-34802
-27358
-25310
-26410
-27443
-24223
-25589
-24626
-26436
-26890
-29222
-31653
-28423
-26667
-29767
-32569
-31984
-34421
-30862
-24238
-24881
-26275
-24370
-22331
-25784
-25214
-21560
-21871
-21998
-22783
-23789
-23557
-24309
-18310
-19290
-22261
-25419
-29050
-32029
-34573
-34376
-34112
-34797
-28677
-27230
-29370
-26711
-28627
-26305
-26304
-26623
-28202
-31687
-32661
-34782
-35622
-31344
-32337
-31293
-26843
-24364
-23852
-20359
-24281
-18896
-17702
-20469
-22766
-24898
-22395
-21298
-20251
-19620
-21216
-23569
-25855
-28360
-28632
-27168
-27245
-29462
-19793
-20541
-23797
-20986
-24420
-28383
-28707
-31332
-33315
-34772
-32790
-26830
-23417
-22579
-25432
-22405
-25907
-24851
-26812
-25948
-23094
-25777
-27691
-29253
-26659
-29027
-28464
-30147
-31065
-33180
-33634
-29860
-31507
-33593
-29159
-31508
-33486
-31294
-32498
-34926
-33336
-34975
-35168
-35301
-31779
-33222
-35118
-36485
-35785
-31967
-33952
-33331
-35498
-30523
-28684
-31547
-30724
-33044
-33146
-33954
-33480
-34695
-28895
-31691
-33945
-33268
-34866
-35653
-33631
-34689
-29718
-32392
-30399
-29673
-32193
-32850
-33568
-33337
-32803
-34924
-32029
-33968
-31379
-33778
-33538
-32794
-34814
-26641
-28880
-31776
-31979
-33286
-31685
-32971
-34013
-31726
-33116
-31356
-32313
-33708
-35304
-30559
-33064
-32987
-33328
-32745
-34767
-35208
-31098
-32973
-31930
-33664
-30716
-28792
-29312
-29047
-28727
-30653
-33221
-29468
-31897
-30671
-31743
-32711
-33048
-33533
-31878
-34137
-33927
-31686
-34520
-33336
-31211
-30632
-32453
-30714
-31587
-29229
-26674
-28937
-31370
-30797
-31267
-33306
-34612
-34343
-26166
-28785
-29643
-32016
-34507
-35530
-34577
-30153
-26301
-28308
-31056
-32293
-32895
-31872
-33226
-30346
-30494
-32089
-29820
-32535
-31261
-33819
-33893
-33728
-32789
-31410
-32987
-35659
-28093
-29914
-31057
-33391
-33286
-32494
-33831
-33927
-30091
-31553
-30960
-29244
-30017
-28474
-30191
-32440
-33634
-32536
-29576
-31617
-29847
-27008
-28617
-30549
-30694
-32450
-29985
-28810
-31183
-33095
-35503
-29526
-30789
-26860
-29581
-31891
-33574
-30613
-32446
-30781
-34143
-30352
-32302
-32929
-31153
-29990
-32529
-33576
-33283
-32838
-33996
-35977
-35470
-37145
-34395
-33381
-27971
-31182
-33796
-34667
-35370
-37105
-32543
-34567
-35031
-33251
-35730
-36840
-34112
-32133
-31326
-34143
-30841
-32371
-33553
-31356
-30033
-32435
-31786
-28743
-30312
-31870
-32351
-30447
-31607
-30337
-32950
-34747
-34267
-32782
-33902
-36268
-32854
-35077
-35441
-32259
-34181
-33616
-34788
-36426
-31745
-33419
-35827
-31939
-35186
-32768
-34390
-32314
-31395
-31891
-33925
-35257
-36460
-26223
-28859
-26099
-27551
-29942
-29492
-31659
-33786
-30738
-27890
-30373
-31568
-25857
-27355
-30371
-32390
-33949
-36012
-35350
-32041
-33915
-30971
-33595
-31967
-34129
-34865
-32366
-33648
-34757
-34826
-31552
-34430
-34080
-35056
-32537
-32921
-35306
-34730
-29819
-32924
-35135
-35630
-37415
-32220
-34569
-36064
-32332
-34687
-32377
-34884
-35296
-34050
-36270
-30210
-32930
-35364
-35342
-33356
-30338
-33218
-35425
-33095
-35448
-33445
-34819
-33548
-35063
-34306
-35632
-33823
-35419
-30644
-33487
-35323
-35666
-37328
-34029
-31062
-33664
-35513
-32187
-33315
-35099
-36961
-34037
-33427
-31788
-34012
-33568
-33877
-35596
-36401
-34685
-33122
-34735
-34912
-33213
-33547
-35411
-33731
-33946
-36800
-36290
-32228
-34024
-35692
-36647
-34814
-33778
-35214
-32125
-34035
-35195
-31874
-30742
-32921
-34651
-31515
-33404
-25858
-28612
-30809
-27584
-30814
-33715
-35462
-36129
-30949
-33180
-32767
-33206
-32499
-34639
-34224
-35904
-33489
-32569
-35135
-36288
-36014
-35041
-33464
-34617
-35722
-36103
-37383
-34122
-35024
-33883
-32713
-33787
-34190
-34625
-35667
-36339
-35236
-35057
-35470
-33983
-33387
-35162
-35493
-35808
-32100
-33711
-35350
-36288
-32285
-32588
-34332
-35676
-32721
-30394
-32863
-34930
-35195
-33475
-32181
-34048
-32600
-32593
-30838
-32963
-34156
-34807
-36230
-37147
-36543
-32193
-32455
-33871
-34760