0
0
2
4
4
5
5
10
10
11
12
13
14
16
18
19
22
23
24
25
26
27
29
29
31
31
33
34
35
35
35
36
36
37
37
40
40
40
42
42
43
45
45
45
46
46
48
49
50
51
52
53
53
54
54
55
56
56
57
58
60
61
62
63
63
64
65
65
66
68
68
68
68
70
74
74
75
75
77
78
78
79
81
83
83
85
85
87
88
89
89
90
90
90
91
91
90
90
91
92
93
93
94
94
95
95
96
97
97
98
98
99
99
100
100
100
100
101
101
101
102
102
103
103
103
103
104
105
105
105
105
105
106
108
107
107
109
109
109
109
110
110
110
111
110
111
109
110
110
110
112
111
112
113
113
113
114
114
114
114
114
115
113
113
113
114
113
113
114
113
115
114
113
114
113
113
113
113
112
113
113
112
113
112
112
112
111
111
111
111
112
113
113
114
114
114
114
114
114
114
114
114
114
114
114
115
114
114
115
114
115
115
114
115
115
115
115
115
115
115
116
116
115
115
115
115
115
114
113
113
113
113
113
113
113
113
114
114
114
113
114
113
114
114
113
113
113
113
113
114
113
113
113
113
112
112
112
113
112
112
113
112
113
113
113
113
112
112
113
114
113
113
114
113
112
112
112
112
113
113
113
113
114
113
113
113
113
113
112
113
113
113
113
112
111
110
110
110
110
109
110
110
111
111
110
110
111
111
111
111
111
111
111
111
111
111
111
111
111
111
111
113
113
112
113
113
113
113
113
113
113
112
112
112
112
112
112
112
111
111
111
111
111
110
110
110
109
109
109
109
109
110
109
108
108
109
109
108
107
105
105
105
105
104
104
103
103
103
103
103
103
103
102
103
102
102
103
103
102
103
103
103
103
102
101
100
100
99
99
99
98
98
98
98
98
95
95
94
93
93
92
92
91
91
90
90
90
91
91
91
91
91
89
90
90
89
88
87
83
81
81
81
77
71
70
71
68
70
70
70
70
70
71
70
69
68
67
66
66
66
66
66
66
66
66
65
66
65
66
64
65
63
63
62
64
64
64
64
64
65
66
67
67
67
67
66
66
66
65
65
65
65
64
65
65
65
64
64
63
63
62
62
62
62
62
62
61
61
61
60
61
60
58
58
58
57
56
55
56
57
58
58
58
58
57
57
57
55
56
56
56
56
55
55
55
54
55
54
55
54
54
54
53
53
53
53
53
53
53
55
55
55
55
55
55
55
55
54
53
54
54
53
53
51
51
51
50
52
52
52
52
52
52
52
51
51
51
51
49
49
52
51
53
54
53
54
54
54
54
53
54
53
53
53
53
53
53
53
52
52
52
51
51
52
51
51
51
50
50
49
49
49
49
50
50
49
50
49
49
49
49
49
48
49
49
49
50
50
50
51
52
52
52
52
52
52
52
52
53
52
52
52
51
51
50
50
49
49
49
49
49
49
49
48
49
48
47
48
48
47
48
48
48
47
48
48
47
47
47
47
46
47
46
47
48
48
47
47
48
49
49
49
49
49
51
51
52
53
53
53
53
53
53
52
51
51
52
52
52
52
52
50
50
50
49
49
49
50
48
46
44
45
44
45
45
45
45
45
45
45
46
46
46
47
47
47
48
47
48
48
48
50
50
51
51
51
53
52
52
52
51
51
51
51
51
51
51
50
50
50
49
50
49
51
51
51
51
50
51
51
51
51
51
52
52
52
52
52
53
53
53
53
53
53
53
53
52
53
53
53
53
53
53
53
54
54
53
54
53
55
55
54
54
55
55
55
55
55
55
56
58
57
58
57
57
57
57
57
57
57
57
57
56
57
57
57
57
57
56
57
56
56
56
56
56
56
56
57
56
56
55
56
56
56
56
56
56
56
56
55
56
56
55
55
54
54
54
54
54
54
54
54
53
54
54
55
55
55
55
55
55
55
55
55
55
55
54
55
55
55
55
55
55
56
56
57
55
56
55
56
56
55
56
55
56
55
56
56
56
56
55
56
55
57
57
57
57
56
57
56
56
57
57
57
57
57
57
56
55
55
56
56
55
56
57
56
57
56
57
57
57
56
56
57
57
57
57
57
58
57
57
56
57
58
58
58
58
59
59
61
60
61
61
61
61
61
61
62
62
62
62
62
62
62
62
62
62
62
62
62
62
63
63
62
63
63
63
63
63
63
63
63
63
63
63
62
63
63
63
62
63
63
63
63
63
64
66
66
65
66
66
65
66
66
66
65
66
65
66
66
65
65
66
65
65
65
65
65
65
65
65
65
65
65
65
65
65
65
65
66
65
65
65
65
66
65
65
66
65
64
64
65
66
66
66
66
66
66
66
66
65
65
65
65
64
64
64
64
64
64
63
64
64
64
64
63
64
65
63
64
64
63
64
63
64
64
64
64
63
63
64
64
64
64
64
64
64
64
64
65
65
65
64
65
65
64
64
64
64
65
64
65
64
64
64
65
65
65
65
65
65
65
66
65
66
65
64
65
64
66
66
66
66