107
104
108
106
103
104
107
107
103
103
106
106
104
102
104
106
107
105
102
102
102
103
104
106
106
106
104
102
101
102
104
105
106
105
103
101
101
101
101
104
104
105
104
102
101
100
100
102
104
104
104
102
101
99
100
102
103
102
100
99
99
101
103
101
98
97
100
98
102
101
99
97
97
98
101
101
99
97
97
97
100
101
100
97
96
97
99
100
100
98
96
95
97
100
99
97
95
96
99
99
95
94
97
99
96
94
96
98
94
93
95
97
96
94
92
93
95
96
95
93
91
93
95
95
94
92
91
92
94
95
94
91
91
90
93
95
94
91
90
92
95
92
90
91
93
94
90
90
94
94
91
89
91
94
93
90
89
89
91
93
93
91
90
89
90
92
93
93
92
90
88
87
87
89
91
91
91
90
89
87
87
90
91
90
87
86
89
90
89
86
85
88
89
89
87
85
85
88
89
89
88
86
84
85
88
89
88
85
84
84
86
88
87
84
82
84
86
87
85
82
83
87
86
84
82
81
83
85
86
84
82
80
82
84
85
84
81
80
81
84
84
82
80
82
83
84
82
80
80
81
83
84
81
80
80
81
83
83
81
78
79
82
83
82
80
82
78
79
80
82
83
81
78
77
78
81
82
81
78
77
78
79
80
81
81
80
79
77
77
78
80
81
79
77
77
80
81
77
76
77
79
80
79
77
75
76
77
79
79
79
76
75
74
76
79
79
77
76
74
75
78
79
78
75
74
76
78
77
76
74
75
73
77
78
75
73
76
77
75
73
73
75
77
77
75
74
72
72
74
75
76
76
76
74
72
72
73
74
76
76
74
72
72
73
75
75
74
72
71
72
75
75
72
71
72
75
75
72
70
72
74
74
71
70
71
74
73
70
70
74
72
69
72
73
69
69
73
73
71
68
71
73
71
68
69
72
72
69
68
71
72
70
67
69
72
68
66
69
68
66
68
69
65
66
69
68
64
66
69
67
64
65
68
67
64
64
67
68
66
63
65
68
67
64
63
65
67
66
63
66
67
63
64
67
66
62
64
66
65
62
64
67
64
66
65
66
63
62
64
66
62
62
65
63
62
66
61
62
65
61
61
64
61
63
64
60
64
62
60
64
61
61
64
60
61
64
59
61
62
59
61
61
58
63
60
59
61
59
62
61
58
62
60
59
62
59
59
62
58
59
62
57
60
61
57
60
57
55
57
57
54
57
53
56
54
55
55
53
57
53
55
55
53
56
53
55
55
53
56
53
55
55
52
56
52
54
54
52
55
52
55
52
55
52
55
52
53
54
52
54
51
53
54
51
55
51
55
51
54
51
54
51
53
52
51
53
50
53
50
53
50
52
51
50
53
50
52
51
50
53
49
53
49
52
51
51
51
50
52
49
52
50
52
48
53
48
51
50
51
49
50
51
49
51
49
52
49
51
48
52
48
52
48
52
49
49
51
48
52
47
50
48
47
48
47
49
47
49
47
49
47
49
47
46
49
46
47
48
46
48
49
47
48
48
47
49
45
48
46
47
48
45
49
46
48
46
48
45
46
47
45
48
43
47
48
44
48
47
45
48
46
45
47
44
48
45
45
47
43
46
44
43
46
44
43
47
44
43
46
43
45
45
42
46
43
43
45
42
44
45
42
44
45
41
43
45
41
42
45
41
42
44
41
44
42
41
44
41
41
45
43
40
43
44
42
41
43
45
41
42
44
42
39
42
42
40
43
42
39
41
43
40
40
43
42
38
41
44
40
39
42
41
39
39
42
40
39
39
42
41
39
39
41
41
37
37
41
42
38
38
42
40
36
37
40
40
37
37
40
38
37
41
40
37
40
40
36
38
39
38
36
39
40
36
36
39
38
35
36
39
36
37
37
39
35
37
39
36
36
36
38
36
34
36
38
34
35
37
37
35
34
38
36
33
35
36
36
33
38
35
34
34
38
33
33
35
38
35
32
31
37
35
33
35
36
34
35
36
33
36
33
32
35
34
32
34
33
30
33
36
32
33
34
34
33
33
31
32
34
35
31
32
35
31
30
33
34
31
30
32
31
29
31
34
31
31
33
31
32
32
31
31
34
31
29
33
34
28
31
32
32
30
32
32
28
30
31
31
29
30
32
31
27
31
33
30
29
31
32
30
31
30
25
34
30
27
32
30
27
30
30
26
30
30
27
27
31
30
27
27
30
26
29
31
26
27
30
28
28
30
28
26
30
32
28
25
27
28
25
27
30
28
26
29
29
26
25
30
29
26
25
27