-1056
-1057
-1059
-1060
-1060
-1074
-1073
-1074
-1073
-1061
-1061
-1060
-1059
-1058
-1066
-1063
-1063
-1062
-1060
-1059
-1059
-1059
-1058
-1058
-1058
-1035
-1031
-1025
-1022
-1020
-1007
-1006
-1007
-1007
-1006
-1006
-1006
-1004
-1006
-1004
-1005
-1006
-1004
-1005
-1002
-1003
-1002
-1001
-1001
-1001
-1001
-1001
-1001
-1001
-1002
-1001
-998
-1000
-1001
-1002
-1003
-1012
-1012
-1012
-1012
-1012
-1013
-1012
-1012
-1013
-1013
-1014
-1014
-1014
-1015
-1016
-1016
-1016
-1016
-1017
-1017
-1017
-1018
-1018
-1019
-1020
-1021
-1021
-1022
-1022
-1023
-1023
-1023
-1024
-1025
-1026
-1015
-1017
-1018
-1018
-1020
-1021
-1017
-1022
-1023
-1023
-1023
-1034
-1035
-1034
-1034
-1035
-1036
-1036
-1036
-1037
-1037
-1038
-1039
-1041
-1041
-1041
-1042
-1043
-1043
-1043
-1043
-1043
-1044
-1044
-1045
-1045
-1046
-1046
-1047
-1048
-1048
-1049
-1050
-1052
-1053
-1053
-1056
-1056
-1057
-1057
-1047
-1050
-1051
-1052
-1052
-1061
-1062
-1063
-1064
-1064
-1065
-1064
-1066
-1066
-1067
-1067
-1056
-1059
-1061
-1061
-1061
-1063
-1064
-1066
-1068
-1068
-1068
-1071
-1072
-1073
-1075
-1075
-1077
-1079
-1080
-1081
-1082
-1083
-1083
-1085
-1085
-1086
-1086
-1084
-1087
-1089
-1090
-1090
-1100
-1100
-1100
-1101
-1101
-1102
-1103
-1103
-1103
-1105
-1105
-1106
-1106
-1107
-1107
-1107
-1107
-1108
-1109
-1108
-1110
-1110
-1109
-1110
-1110
-1110
-1108
-1111
-1111
-1111
-1111
-1112
-1112
-1112
-1100
-1101
-1103
-1101
-1104
-1104
-1105
-1105
-1113
-1114
-1113
-1114
-1113
-1114
-1114
-1115
-1115
-1114
-1114
-1114
-1115
-1115
-1115
-1115
-1116
-1116
-1116
-1116
-1116
-1118
-1116
-1117
-1117
-1118
-1118
-1120
-1120
-1121
-1122
-1124
-1124
-1125
-1126
-1126
-1127
-1129
-1119
-1121
-1122
-1123
-1123
-1133
-1133
-1134
-1135
-1136
-1138
-1138
-1139
-1139
-1139
-1140
-1141
-1141
-1143
-1144
-1130
-1133
-1136
-1137
-1135
-1137
-1137
-1137
-1138
-1138
-1139
-1139
-1140
-1139
-1140
-1138
-1139
-1139
-1139
-1140
-1140
-1140
-1140
-1137
-1140
-1141
-1140
-1141
-1149
-1149
-1148
-1149
-1149
-1149
-1148
-1148
-1148
-1149
-1148
-1148
-1148
-1148
-1147
-1147
-1147
-1147
-1146
-1147
-1147
-1146
-1146
-1146
-1146
-1147
-1146
-1147
-1147
-1147
-1147
-1147
-1147
-1147
-1147
-1147
-1148
-1136
-1136
-1138
-1140
-1139
-1140
-1140
-1140
-1140
-1140
-1139
-1140
-1140
-1140
-1139
-1140
-1140
-1140
-1140
-1139
-1140
-1140
-1139
-1140
-1139
-1140
-1139
-1138
-1140
-1139
-1140
-1140
-1140
-1140
-1140
-1141
-1141
-1140
-1140
-1142
-1141
-1139
-1140
-1140
-1137
-1140
-1140
-1140
-1140
-1149
-1148
-1148
-1148
-1149
-1149
-1149
-1148
-1148
-1149
-1148
-1149
-1149
-1149
-1149
-1150
-1149
-1150
-1138
-1139
-1141
-1142
-1141
-1142
-1142
-1143
-1142
-1144
-1143
-1144
-1144
-1144
-1145
-1144
-1145
-1144
-1144
-1145
-1144
-1146
-1144
-1145
-1141
-1144
-1145
-1144
-1145
-1154
-1153
-1154
-1153
-1154
-1154
-1154
-1153
-1153
-1153
-1153
-1152
-1151
-1151
-1152
-1151
-1152
-1152
-1151
-1151
-1151
-1150
-1147
-1152
-1151
-1149
-1149
-1149
-1149
-1149
-1149
-1149
-1149
-1150
-1150
-1150
-1151
-1138
-1141
-1143
-1143
-1140
-1144
-1144
-1144
-1144
-1154
-1154
-1154
-1155
-1156
-1155
-1155
-1156
-1156
-1156
-1156
-1155
-1155
-1154
-1154
-1153
-1153
-1153
-1153
-1153
-1153
-1153
-1152
-1152
-1152
-1152
-1152
-1151
-1150
-1150
-1149
-1150
-1150
-1149
-1149
-1148
-1147
-1148
-1147
-1147
-1146
-1145
-1133
-1134
-1134
-1134
-1134
-1142
-1142
-1141
-1141
-1140
-1139
-1138
-1137
-1136
-1138
-1124
-1124
-1125
-1125
-1126
-1126
-1124
-1124
-1124
-1123
-1123
-1123
-1122
-1123
-1123
-1122
-1121
-1120
-1119
-1120
-1119
-1119
-1119
-1119
-1119
-1117
-1118
-1118
-1116
-1118
-1117
-1113
-1116
-1115
-1115
-1115
-1124
-1126
-1124
-1124
-1123
-1123
-1123
-1123
-1122
-1123
-1123
-1123
-1122
-1122
-1121
-1122
-1122
-1122
-1122
-1122
-1122
-1121
-1122
-1122
-1122
-1122
-1122
-1119
-1121
-1120
-1109
-1110
-1112
-1112
-1112
-1113
-1112
-1112
-1113
-1113
-1113
-1113
-1110
-1113
-1113
-1113
-1112
-1123
-1123
-1124
-1124
-1124
-1124
-1124
-1124
-1124
-1124
-1124
-1124
-1123
-1124
-1128
-1131
-1135
-1136
-1137
-1141
-1142
-1144
-1145
-1148
-1150
-1152
-1153
-1156
-1158
-1159
-1161
-1162
-1163
-1164
-1166
-1167
-1168
-1168
-1169
-1170
-1170
-1170
-1159
-1162
-1163
-1163
-1163
-1172
-1174
-1163
-1165
-1167
-1168
-1168
-1168
-1168
-1169
-1169
-1170
-1170
-1171
-1172
-1174
-1174
-1175
-1176
-1176
-1177
-1178
-1179
-1179
-1180
-1180
-1182
-1183
-1183
-1185
-1185
-1186
-1187
-1187
-1188
-1189
-1191
-1192
-1192
-1194
-1193
-1192
-1195
-1195
-1196
-1196
-1207
-1208
-1208
-1208
-1210
-1210
-1210
-1211
-1211
-1211
-1212
-1214
-1214
-1214
-1215
-1216
-1217
-1218
-1219
-1219
-1219
-1219
-1208
-1210
-1212
-1213
-1213
-1215
-1217
-1219
-1219
-1220
-1220
-1221
-1221
-1222
-1224
-1224
-1225
-1226
-1228
-1229
-1225
-1229
-1229
-1229
-1229
-1238
-1238
-1238
-1239
-1239
-1239
-1240
-1242
-1242
-1244
-1245
-1246
-1247
-1247
-1248
-1251
-1260
-1268
-1276
-1281
-1287
-1293
-1297
-1301
-1305
-1308
-1311
-1314
-1317
-1319
-1320
-1322
-1325
-1326
-1327
-1329
-1331
-1332
-1333
-1334
-1335
-1321
-1327
-1328
-1331
-1330
-1332
-1334
-1335
-1336
-1338
-1340
-1341
-1342
-1342
-1344
-1346
-1346
-1347
-1347
-1348
-1349
-1349
-1349
-1349
-1349
-1351
-1350
-1351
-1351
-1351
-1351
-1351
-1352
-1352
-1351
-1351
-1352
-1351
-1351
-1351
-1351
-1350
-1351
-1351
-1352
-1351
-1351
-1348
-1351
-1352
-1350
-1351
-1360
-1359
-1359
-1360
-1358
-1358
-1359
-1358
-1359
-1358
-1358
-1358
-1357
-1357
-1344
-1347
-1348
-1348
-1346
-1346
-1345
-1345
-1344
-1343
-1343
-1342
-1341
-1341
-1341
-1339
-1340
-1340
-1340
-1339
-1340
-1339
-1339
-1338
-1338
-1337
-1337
-1333
-1336
-1335
-1335
-1334
-1343
-1342
-1341
-1342
-1340
-1341
-1340
-1340
-1340
-1339
-1339
-1340
-1338
-1338
-1338
-1337
-1338
-1337
-1337
-1337
-1336
-1336
-1336
-1337
-1334
-1333
-1334
-1334
-1332
-1333
-1333
-1333
-1332
-1332
-1320
-1323
-1322
-1323
-1322
-1323
-1323
-1322
-1319
-1323
-1322
-1322
-1320
-1330
-1329
-1330
-1329
-1331
-1330
-1330
-1330
-1330
-1331
-1331
-1333
-1333
-1333
-1331
-1331
-1330
-1331
-1330
-1330
-1329
-1330
-1330
-1330
-1330
-1330
-1330
-1330
-1330
-1329
-1329
-1330
-1330
-1329
-1330
-1329
-1330
-1329
-1330
-1330
-1330
-1318
-1322
-1321
-1321
-1320
-1330
-1330
-1330
-1330
-1330
-1329
-1329
-1316
-1320
-1321
-1322
-1322
-1323
-1323
-1324
-1325
-1325
-1325
-1326
-1326
-1327
-1327
-1327
-1327
-1327
-1328
-1330
-1329
-1329
-1331
-1331
-1330
-1330
-1329
-1329
-1329
-1329
-1328
-1328
-1328
-1328
-1327
-1325
-1328
-1327
-1327
-1328
-1337
-1335
-1335
-1336
-1337
-1334
-1335
-1335
-1335
-1334
-1334
-1334
-1334
-1334
-1334
-1334
-1333
-1333
-1335
-1334
-1334
-1334
-1335
-1334
-1335
-1334
-1322
-1321
-1325
-1323
-1321
-1308
-1309