436
440
439
437
442
441
436
438
440
441
443
443
443
442
446
447
446
448
445
441
444
451
448
447
449
451
450
451
454
457
458
456
455
460
461
459
458
462
464
457
456
462
467
466
469
468
468
468
469
469
472
471
469
474
473
471
474
476
473
475
477
476
475
478
478
465
461
466
468
460
472
471
475
473
474
474
477
480
478
480
477
481
480
482
484
483
484
484
485
484
486
489
488
489
490
490
490
493
494
494
495
497
499
497
499
502
502
505
502
507
510
507
508
511
512
511
512
512
508
508
510
509
504
509
508
508
514
511
510
513
515
515
515
516
518
519
522
522
521
523
525
524
525
527
526
528
530
528
527
530
531
532
533
531
530
533
536
535
531
535
536
535
534
535
535
535
533
534
535
523
525
530
529
531
536
535
534
533
535
537
537
535
534
534
535
534
533
534
528
527
528
532
529
527
528
529
528
530
531
531
530
530
530
528
530
530
528
526
526
525
521
521
525
526
526
526
523
524
527
527
525
525
526
526
525
527
516
507
516
517
516
518
521
521
522
524
522
520
521
521
519
518
520
520
518
520
521
520
517
518
519
516
514
516
514
514
514
513
509
513
512
512
513
511
509
509
511
510
509
509
510
510
507
507
509
510
507
507
508
508
505
507
507
504
505
508
507
504
506
507
505
505
504
506
506
505
507
508
506
505
510
507
508
507
510
507
503
503
505
505
503
502
503
504
505
501
501
504
505
503
505
509
506
504
508
507
508
509
505
508
511
508
508
508
506
508
512
508
506
510
510
507
505
508
510
507
504
508
507
505
506
508
505
506
508
505
509
506
506
506
503
507
506
505
508
503
504
507
505
504
507
504
502
506
504
502
505
503
503
506
502
504
503
499
501
501
498
501
501
497
500
500
496
499
500
497
500
499
497
498
499
496
490
500
498
498
500
498
498
502
500
498
501
500
499
500
501
503
500
499
501
504
500
500
504
501
499
501
500
499
502
503
499
501
503
500
498
499
497
500
502
497
501
501
498
500
500
498
500
501
500
499
502
501
498
500
502
499
501
502
499
500
502
503
498
499
500
496
497
500
496
497
499
497
498
500
497
498
499
496
497
497
494
496
497
495
496
498
496
497
498
495
496
498
495
496
499
497
495
496
497
498
495
495
498
499
496
496
498
496
497
499
496
497
498
495
496
498
496
498
498
496
496
499
497
496
498
498
497
496
499
499
497
497
498
498
498
499
499
497
499
500
497
499
499
497
497
499
497
498
500
498
497
500
500
498
498
500
500
498
499
499
498
497
499
499
497
496
499
497
497
498
497
495
495
495
494
493
496
494
493
493
494
493
492
494
495
491
489
493
492
490
494
493
491
491
493
493
490
490
492
492
490
490
491
490
490
490
491
490
490
491
490
490
492
490
490
491
491
489
492
490
490
491
489
489
491
490
490
491
489
490
491
490
490
491
490
490
490
490
490
490
490
489
489
490
490
488
489
490
489
488
490
490
489
488
490
490
489
489
490
491