530
794
774
782
800
794
794
806
811
813
821
829
841
847
866
894
897
919
936
945
957
985
993
1013
1023
1036
1047
1050
1056
1063
1077
1091
1102
1122
1130
1133
1143
1146
1149
1149
1155
1155
1160
1170
1175
1182
1195
1191
1204
1203
1204
1202
1207
1215
1217
1216
1210
1215
1207
1206
1207
1212
1212
1215
1213
1209
1217
1211
1206
1205
1196
1203
1200
1198
1193
1191
1183
1177
1177
1173
1174
1167
1170
1163
1156
1157
1145
1145
1146
1146
1143
1147
1145
1134
1144
1139
1137
1141
1126
1109
1096
1088
1078
1071
1063
1047
1035
1033
1029
1021
1017
998
987
986
992
988
983
984
976
971
962
980
980
956
982
968
955
958
947
936
953
968
981
986
980
963
977
980
956
950
966
989
990
980
948
948
958
982
992
997
1010
1015
1016
1013
1020
1037
1036
1046
1080
1098
1105
1118
1146
1149
1131
1142
1134
1142
1148
1157
1164
1157
1157
1159
1162
1150
1132
1126
1123
1127
1122
1122
1130
1132
1161
1170
1182
1193
1224
1224
1251
1246
1243
1238
1252
1252
1244
1249
1256
1260
1246
1233
1247
1244
1257
1256
1253
1249
1254
1247
1252
1261
1255
1253
1249
1249
1252
1250
1249
1259
1266
1266
1261
1271
1276
1271
1270
1275
1267
1260
1257
1258
1259
1265
1271
1276
1284
1284
1290
1287
1299
1298
1300
1305
1305
1306
1293
1291
1293
1285
1290
1289
1290
1287
1296
1296
1299
1303
1300
1292
1283
1287
1286
1280
1287
1283
1291
1292
1295
1294
1305
1316
1318
1318
1319
1321
1320
1321
1319
1322
1323
1323
1321
1320
1319
1325
1324
1325
1323
1322
1314
1323
1325
1320
1314
1309
1307
1307
1299
1299
1298
1294
1296
1289
1292
1295
1296
1295
1283
1285
1287
1289
1291
1301
1313
1326
1331
1334
1330
1321
1322
1317
1307
1302
1299
1286
1282
1288
1291
1285
1294
1288
1285
1286
1285
1286
1283
1283
1285
1282
1273
1271
1267
1269
1276
1273
1277
1285
1281
1281
1284
1285
1283
1279
1280
1276
1271
1268
1265
1270
1269
1272
1276
1281
1288
1287
1298
1291
1290
1286
1281
1281
1278
1276
1269
1269
1268
1264
1264
1273
1272
1273
1272
1273
1272
1266
1265
1270
1272
1273
1274
1274
1273
1272
1273
1274
1275
1273
1271
1263
1267
1271
1262
1262
1260
1260
1259
1256
1252
1252
1254
1251
1255
1254
1254
1256
1252
1262
1262
1260
1256
1261
1258
1255
1250
1254
1245
1252
1257
1259
1257
1252
1257
1260
1261
1265
1274
1272
1274
1276
1275
1271
1269
1267
1271
1270
1269
1266
1263
1259
1264
1261
1248
1248
1246
1254
1244
1248
1245
1240
1243
1233
1236
1227
1228
1232
1230
1228
1230
1235
1233
1232
1233
1234
1233
1226
1231
1228
1232
1233
1228
1231
1230
1217
1218
1219
1215
1215
1213
1211
1218
1214
1208
1211
1212
1217
1216
1224
1224
1216
1213
1211
1205
1206
1209
1213
1211
1211
1213
1213
1216
1215
1214
1208
1204
1204
1202
1202
1202
1205
1203
1202
1196
1199
1202
1203
1203
1203
1205
1200
1201
1198
1203
1208
1209
1211
1212
1208
1205
1204
1203
1200
1195
1194
1198
1196
1193
1197
1197
1200
1197
1190
1188
1189
1187
1189
1185
1187
1188
1193
1193
1199
1204
1200
1199
1197
1197
1199
1199
1195
1199
1195
1191
1193
1194
1196
1199
1203
1202
1199
1208
1199
1197
1200
1201
1203
1201
1192
1194
1195
1192
1200
1202
1204
1201
1196
1198
1198
1203
1202
1198
1196
1194
1196
1193
1197
1197
1200
1202
1204
1204
1212
1210
1205
1203
1198
1196
1196
1198
1195
1195
1196
1192
1196
1199
1200
1197
1196
1197
1200
1205
1201
1206
1203
1212
1220
1222
1218
1228
1224
1228
1229
1220
1228
1235
1239
1235
1239
1235
1235
1229
1229
1226
1229
1230
1224
1224
1225
1220
1227
1233
1235
1233
1226
1225
1224
1232
1230
1229
1223
1227
1227
1226
1225
1223
1226
1227
1226
1235
1234
1230
1236
1229
1234
1234
1234
1234
1234
1237
1233
1225
1224
1226
1218
1219
1221
1221
1216
1224
1226
1226
1232
1237
1236
1237
1242
1244
1238
1237
1239
1238
1234
1228
1228
1229
1228
1235
1237
1235
1232
1233
1222
1217
1216
1215
1214
1221
1216
1218
1213
1216
1222
1224
1220
1223
1223
1221
1224
1223
1225
1231
1234
1233
1231
1237
1234
1234
1238
1232
1233
1226
1227
1233
1233
1232
1233
1231
1228
1223
1216
1223
1224
1215
1213
1263
1213
1193