-221
-217
-214
-210
-205
-200
-201
-200
-192
-188
-185
-178
-175
-173
-172
-169
-167
-162
-157
-156
-152
-149
-146
-147
-143
-141
-137
-135
-130
-127
-125
-124
-121
-119
-114
-112
-112
-112
-107
-106
-105
-102
-101
-101
-97
-96
-97
-93
-92
-91
-89
-88
-88
-87
-85
-82
-82
-79
-79
-77
-74
-77
-75
-74
-72
-71
-69
-69
-67
-67
-67
-65
-64
-63
-65
-65
-63
-61
-60
-59
-58
-56
-55
-58
-56
-57
-54
-52
-51
-50
-50
-48
-47
-49
-47
-47
-46
-46
-44
-44
-43
-43
-42
-41
-41
-40
-39
-39
-39
-37
-34
-33
-33
-32
-31
-34
-31
-31
-35
-32
-30
-32
-31
-28
-26
-27
-28
-25
-26
-26
-25
-27
-27
-25
-24
-24
-23
-22
-23
-22
-21
-22
-22
-21
-21
-22
-19
-19
-19
-21
-19
-19
-20
-18
-18
-19
-18
-19
-20
-19
-18
-18
-19
-18
-17
-17
-17
-16
-17
-16
-16
-16
-17
-17
-16
-15
-15
-15
-16
-15
-15
-15
-15
-15
-14
-14
-14
-15
-13
-13
-14
-13
-13
-15
-16
-14
-16
-16
-16
-14
-15
-14
-14
-15
-14
-13
-14
-16
-16
-15
-15
-16
-17
-17
-16
-15
-16
-17
-15
-16
-16
-16
-16
-16
-17
-16
-17
-17
-18
-19
-19
-18
-17
-16
-18
-17
-17
-19
-18
-16
-18
-19
-19
-18
-19
-19
-19
-18
-19
-20
-19
-20
-21
-22
-22
-22
-22
-21
-22
-20
-21
-22
-21
-20
-21
-21
-22
-21
-22
-23
-23
-23
-23
-24
-24
-23
-24
-25
-24
-24
-25
-25
-25
-25
-26
-26
-26
-26
-27
-25
-25
-26
-26
-25
-26
-26
-25
-25
-25
-26
-25
-25
-25
-26
-25
-25
-26
-26
-26
-25
-25
-26
-26
-26
-25
-25
-26
-25
-25
-26
-26
-26
-25
-26
-25
-25
-26
-25
-25
-26
-26
-26
-26
-25
-26
-26
-24
-25
-25
-25
-25
-25
-26
-25
-25
-25
-26
-26
-25
-26
-26
-25
-25
-25
-25
-25
-25
-26
-26
-25
-26
-25
-26
-26
-25
-25
-25
-24
-26
-25
-24
-25
-25
-23
-24
-24
-24
-25
-24
-24
-25
-25
-24
-24
-24
-24
-24
-24
-24
-24
-23
-24
-24
-24
-24
-24
-24
-22
-23
-23
-22
-23
-23
-22
-22
-23
-22
-22
-23
-21
-22
-22
-22
-22
-22
-22
-21
-21
-21
-21
-21
-20
-21
-21
-21
-21
-22
-21
-21
-21
-21
-20
-21
-21
-20
-21
-21
-21
-21
-21
-21
-21
-21
-21
-21
-20
-20
-21
-21
-20
-21
-20
-19
-20
-20
-21
-19
-20
-20
-19
-19
-20
-20
-19
-20
-18
-18
-19
-19
-18
-19
-19
-18
-19
-19
-18
-18
-19
-17
-18
-18
-17
-18
-18
-17
-18
-17
-17
-18
-18
-17
-18
-18
-17
-18
-19
-17
-17
-17
-18
-18
-17
-17
-17
-17
-17
-17
-18
-17
-17
-17
-17
-16
-17
-16
-16
-16
-15
-14
-15
-15
-14
-14
-15
-14
-14
-15
-14
-14
-14
-14
-13
-14
-15
-14
-13
-14
-15
-14
-14
-14
-14
-13
-15
-14
-14
-15
-17
-17
-17
-17
-16
-16
-16
-16
-15
-16
-17
-16
-16
-16
-16
-15
-16
-16
-16
-16
-16
-16
-15
-15
-16
-15
-15
-16
-16
-15
-15
-15
-15
-15
-14
-15
-15
-15
-16
-15
-15
-16
-16
-14
-15
-16
-16
-16
-16
-16
-15
-15
-16
-16
-16
-15
-15
-16
-15
-15
-16
-17
-15
-15
-16
-15
-16
-16
-15
-15
-16
-16
-15
-16
-16
-16
-17
-16
-17
-17
-16
-16
-16
-15
-17
-17
-16
-17
-17
-16
-16
-18
-17
-16
-18
-17
-16
-17
-18
-17
-17
-18
-18
-17
-17
-18
-18
-17
-17
-18
-18
-17
-18
-18
-18