192
220
193
162
150
134
120
125
113
98
98
98
95
85
83
74
65
63
62
49
25
41
39
26
23
24
17
8
8
7
-6
-12
-11
-20
-26
-25
-30
-39
-38
-38
-49
-48
-49
-60
-61
-63
-70
-69
-66
-73
-78
-74
-82
-84
-79
-82
-91
-86
-83
-91
-95
-91
-91
-100
-101
-95
-98
-104
-109
-101
-101
-107
-104
-101
-110
-112
-106
-109
-115
-109
-111
-117
-116
-112
-119
-113
-112
-118
-113
-109
-115
-117
-110
-111
-118
-112
-110
-117
-115
-110
-115
-119
-112
-109
-117
-118
-110
-111
-118
-114
-106
-110
-115
-108
-103
-112
-115
-106
-107
-113
-115
-107
-105
-113
-112
-103
-103
-111
-110
-102
-105
-113
-111
-104
-104
-112
-108
-102
-111
-112
-104
-113
-113
-106
-112
-117
-108
-112
-118
-111
-112
-118
-111
-112
-119
-110
-112
-117
-112
-108
-116
-118
-111
-110
-117
-119
-113
-114
-121
-121
-116
-117
-124
-123
-118
-117
-123
-126
-121
-118
-123
-128
-126
-122
-128
-127
-120
-118
-126
-125
-118
-124
-129
-120
-125
-129
-120
-126
-127
-125
-122
-130
-124
-124
-132
-124
-127
-132
-123
-126
-131
-124
-123
-128
-131
-126
-123
-125
-131
-131
-127
-126
-132
-133
-128
-127
-134
-131
-129
-134
-137
-131
-130
-137
-133
-129
-136
-137
-130
-135
-139
-131
-137
-138
-133
-139
-139
-135
-139
-143
-138
-136
-141
-143
-139
-135
-141
-144
-138
-138
-144
-139
-142
-144
-142
-144
-144
-142
-150
-142
-149
-145
-144
-151
-147
-146
-151
-147
-146
-151
-149
-148
-153
-149
-149
-154
-148
-152
-155
-150
-152
-155
-154
-150
-151
-158
-159
-156
-153
-155
-158
-158
-154
-152
-155
-157
-152
-150
-156
-158
-153
-155
-159
-154
-157
-160
-153
-158
-157
-153
-159
-153
-154
-158
-151
-156
-159
-154
-154
-160
-160
-156
-155
-160
-161
-158
-156
-160
-164
-158
-162
-166
-161
-160
-167
-164
-161
-167
-165
-162
-169
-170
-165
-169
-171
-165
-170
-170
-165
-172
-172
-166
-171
-173
-166
-168
-174
-169
-165
-172
-175
-170
-167
-170
-176
-176
-170
-170
-179
-179
-173
-172
-179
-183
-179
-175
-180
-186
-181
-177
-185
-188
-179
-183
-188
-182
-182
-192
-182
-190
-189
-182
-190
-188
-183
-191
-191
-184
-185
-193
-190
-185
-189
-194
-190
-186
-191
-196
-192
-188
-192
-195
-191
-187
-194
-198
-194
-191
-195
-199
-198
-191
-194
-200
-197
-193
-198
-201
-196
-196
-203
-196
-196
-201
-200
-195
-198
-202
-198
-195
-200
-204
-201
-196
-201
-204
-201
-199
-202
-207
-205
-200
-199
-205
-208
-203
-204
-211
-207
-205
-211
-210
-206
-212
-210
-207
-213
-208
-209
-212
-207
-209
-214
-206
-211
-211
-206
-210
-214
-207
-208
-213
-210
-206
-211
-214
-208
-207
-212
-211
-206
-212
-215
-210
-213
-218
-213
-212
-218
-217
-213
-218
-219
-213
-215
-220
-217
-213
-217
-215
-212
-215
-219
-215
-213
-220
-216
-212
-211
-217
-215
-210
-216
-218
-211
-213
-218
-214
-214
-220
-213
-214
-219
-212
-213
-219
-212
-214
-220
-213
-214
-219
-216
-212
-217
-219
-215
-214
-219
-219
-215
-215
-219
-219
-213
-216
-220
-212
-219
-215
-212
-220
-212
-217
-218
-212
-219
-213
-214
-217
-210
-216
-215
-211
-217
-213
-213
-218
-211
-214
-218
-211
-213
-218
-218
-211
-214
-219
-211
-210
-216
-212
-210
-217
-212
-210
-216
-212
-210
-216
-215
-211
-216
-213
-209
-215
-215
-209
-212
-217
-211
-211
-216
-214
-209
-213
-216
-211
-211
-217
-213
-208
-214
-216
-211
-209
-214
-217
-213
-208
-209
-214
-212
-207
-207
-212
-213
-202
-202
-210
-209
-202
-208
-207
-204
-210
-204
-203
-209
-203
-201
-205
-207
-199
-203
-207
-202
-200
-206
-207
-200
-205
-208
-202
-203
-208
-204
-200
-207
-204
-199
-204
-205
-199
-201
-206
-202
-199
-204
-205
-199
-199
-203
-203
-197
-197
-202
-197
-196
-202
-199
-195
-200
-203
-198
-196
-200
-201
-196
-196
-201
-198
-192
-198
-200
-196
-196
-201
-196
-193
-198
-199
-192
-192
-197
-195
-194
-191
-196
-194
-189
-191
-195
-191
-188
-195
-191
-189
-195
-188
-192
-192
-188
-193
-191
-187
-191
-190
-185
-188
-190
-185
-185
-190
-184
-182
-187
-187
-182
-183
-188
-186
-182
-181
-182
-186
-186