-467
-455
-450
-449
-446
-446
-453
-453
-449
-452
-449
-448
-445
-444
-447
-446
-447
-450
-449
-445
-446
-447
-450
-450
-450
-453
-451
-454
-456
-455
-456
-456
-457
-456
-458
-458
-462
-461
-465
-464
-466
-468
-468
-464
-464
-461
-459
-452
-453
-454
-454
-454
-456
-456
-460
-457
-458
-457
-459
-458
-458
-457
-457
-457
-458
-456
-451
-448
-449
-450
-451
-455
-450
-450
-452
-450
-449
-449
-450
-448
-449
-447
-445
-444
-442
-442
-443
-443
-447
-446
-447
-447
-446
-447
-446
-446
-450
-452
-451
-458
-457
-457
-459
-459
-455
-458
-455
-459
-459
-456
-458
-458
-455
-455
-454
-456
-459
-458
-457
-458
-460
-457
-456
-458
-457
-455
-460
-459
-456
-457
-457
-457
-450
-450
-449
-445
-448
-444
-447
-447
-445
-450
-449
-449
-449
-454
-455
-456
-459
-455
-457
-457
-459
-459
-460
-458
-458
-457
-460
-459
-459
-459
-458
-460
-460
-458
-458
-457
-458
-457
-459
-458
-459
-457
-459
-458
-459
-458
-460
-459
-458
-459
-456
-457
-457
-458
-457
-450
-454
-454
-456
-454
-457
-459
-457
-457
-459
-460
-453
-456
-457
-457
-456
-459
-455
-457
-459
-459
-459
-460
-459
-459
-457
-457
-458
-456
-457
-457
-456
-456
-457
-457
-454
-454
-454
-454
-456
-453
-454
-454
-454
-452
-456
-454
-455
-454
-453
-457
-457
-456
-458
-456
-458
-459
-457
-458
-456
-454
-455
-458
-458
-459
-458
-458
-460
-459
-459
-459
-457
-456
-459
-456
-459
-457
-449
-451
-449
-449
-448
-449
-450
-449
-450
-449
-447
-449
-449
-450
-453
-450
-451
-449
-451
-450
-452
-455
-456
-456
-458
-456
-455
-455
-447
-444
-448
-446
-449
-449
-451
-452
-451
-451
-450
-450
-453
-456
-454
-455
-457
-454
-453
-457
-457
-456
-454
-453
-453
-454
-452
-455
-456
-453
-454
-452
-454
-455
-449
-449
-453
-452
-450
-450
-453
-453
-453
-454
-453
-453
-453
-451
-452
-455
-453
-453
-453
-451
-452
-452
-454
-454
-456
-455
-454
-454
-455
-451
-451
-455
-456
-456
-455
-455
-454
-454
-452
-454
-455
-454
-457
-457
-452
-448
-449
-448
-454
-449
-449
-449
-454
-456
-457
-458
-457
-457
-456
-454
-456
-454
-454
-456
-456
-457
-459
-458
-456
-457
-451
-455
-455
-456
-458
-457
-457
-457
-458
-458
-458
-459
-457
-459
-460
-458
-458
-458
-458
-459
-457
-458
-456
-455
-459
-459
-458
-456
-462
-466
-461
-461
-462