683
687
690
692
694
705
708
709
709
712
711
714
716
717
721
722
720
721
721
723
724
726
724
728
728
728
725
728
725
724
727
726
724
724
724
725
725
726
730
731
733
735
735
735
735
735
737
726
729
729
730
739
741
740
743
734
735
735
739
739
740
741
736
738
743
740
734
735
735
736
738
736
735
737
737
737
736
735
736
736
737
737
739
738
738
738
740
738
735
738
736
734
738
739
738
738
738
739
747
748
748
749
747
752
749
749
749
747
748
748
748
748
748
749
749
748
752
749
747
749
749
747
748
751
749
748
748
747
747
747
747
748
739
740
740
743
741
742
741
738
738
738
735
737
746
749
746
746
746
746
745
745
746
746
749
748
748
746
750
750
751
751
752
754
755
756
755
754
756
752
754
753
751
752
753
756
753
755
757
755
756
755
752
753
750
756
754
744
743
742
740
750
751
750
751
751
754
751
745
744
743
739
738
739
740
739
739
742
742
742
746
745
742
744
748
748
749
744
744
744
744
746
749
747
749
749
748
745
749
751
750
750
751
750
751
749
750
760
760
762
763
764
767
768
766
771
768
773
773
774
776
774
776
777
778
779
778
776
775
777
781
779
781
780
768
769
770
769
771
771
772
773
774
773
773
775
776
777
778
777
778
777
778
781
791
791
793
794
795
793
793
793
792
794
794
791
789
787
790
788
789
788
789
792
790
790
791
791
789
789
790
789
792
789
793
793
792
793
793
793
793
793
793
792
794
794
785
784
784
786
785
783
778
777
778
781
777
778
780
784
785
786
787
786
787
788
791
789
789
791
790
791
793
795
794
795
795
795
794
794
794
794
796
798
794
797
795
798
793
785
784
785
785
786
788
789
790
799
802
799
799
797
795
794
797
797
796
798
796
796
795
794
797
796
797
795
785
786
787
787
789
789
789
791
791
789
790
791
793
793
792
793
791
791
793
793
792
793
792
794
794
796
797
804
806
807
810
805
807