156
156
152
148
147
146
143
141
143
145
141
138
137
140
139
138
136
134
137
134
137
137
136
139
139
140
135
136
137
138
137
141
137
139
143
138
137
143
142
139
143
141
141
135
140
137
139
138
136
140
140
141
139
143
143
142
140
143
142
139
145
145
144
144
148
144
147
149
143
145
144
144
147
143
143
146
145
146
147
148
152
147
154
153
153
153
153
156
157
158
159
161
159
158
162
160
161
163
160
166
165
166
171
169
168
170
169
169
171
173
173
179
184
185
189
187
183
183
183
185
185
185
185
188
186
189
193
190
191
193
195
192
196
192
193
196
194
191
190
190
191
191
189
191
189
189
192
191
190
192
193
192
192
191
192
193
192
193
197
191
193
191
191
191
189
190
192
191
190
191
188
188
190
187
191
189
185
189
187
189
189
187
186
184
184
183
187
187
188
188
189
188
189
189
188
188
188
188
188
192
189
187
187
196
194
193
194
194
196
198
195
195
196
195
201
201
205
204
204
206
205
206
203
203
202
205
205
204
206
205
208
207
209
213
207
211
207
210
209
209
208
207
206
205
203
202
200
199
203
202
201
201
201
201
202
202
202
204
203
207
205
201
202
202
206
202
206
203
202
201
203
201
203
202
201
202
205
204
202
200
203
201
201
201
202
203
202
203
201
203
202
204
202
205
206
203
205
206
208
207
207
207
208
211
210
219
218
218
217
219
219
220
219
221
223
224
221
220
224
222
221
222
223
224
226
226
226
226
230
223
231
227
228
230
232
230
229
233
230
236
235
235
240
238
237
239
240
240
238
240
245
239
243
246
246
248
248
248
251
249
249
251
247
247
248
246
247
250
249
250
250
249
253
253
256
253
255
257
259
259
258
260
256
257
258
256
259
262
260
258
263
256
257
257
256
255
257
253
254
254
257
256
256
255
255
255
255
252
251
251
252
251
249
249
249
249
250
249
250
249
248
247
251
249
249
250
248
247
252
248
249
253
252
249
248
249
252
251
252
253
255
248
252
250
251
250
249
247
251
250
250
248
252
249
253
252
252
252
251
255
254
253
255
257
256
254
258
256
259
259
261
258
263
258
259
264
263
264
266
266
268
267
265
265
263
265
264
265
268
266
267
265
269
268
267
267
266
267
270
269
270
269
274
274
276
273
277
276
278
280
279
281
280
280
279
284
282
283
282
282
283
283
283
285
283
284
283
285
284
284
283
283
287
286
289
286
290
287
287
287
285
285
286
285
287
286
287
289
288
290
287
290
291
290
291
292
293
293
293
294
291
291
292
292
293
290
291
293
292
292
293
296
298
293
299
298
296
300
297
295
299
298
295
293
292
298
296
299
299
297
294
293
294
298
298
301
297
299
298
300
298
295
298
302
302
299
299
301
303
302