318
317
311
308
305
302
303
299
298
298
301
297
299
292
290
287
289
282
285
286
286
288
289
293
297
297
302
296
299
296
295
294
291
293
298
298
296
293
288
295
297
287
285
285
285
287
292
288
288
285
287
282
288
281
280
291
286
293
290
285
288
285
281
282
277
277
268
265
270
268
262
261
255
259
264
261
259
259
263
261
256
260
252
249
252
253
256
253
262
255
250
251
246
249
247
248
239
238
235
236
232
233
224
227
230
229
231
225
220
225
224
218
217
212
219
218
211
213
216
220
219
219
223
213
212
205
211
214
212
211
218
219
217
216
220
219
220
222
213
211
216
212
210
210
207
202
206
204
204
204
207
204
214
216
210
214
218
214
211
199
196
196
198
197
204
207
206
215
205
206
205
203
202
206
207
202
206
199
202
199
198
197
194
194
193
192
191
196
193
190
194
196
195
190
193
193
190
187
185
186
186
182
187
178
180
183
178
180
193
180
185
190
186
189
174
187
178
180
177
176
172
177
173
178
172
173
175
186
184
181
173
178
176
178
179
173
178
170
173
163
174
169
170
169
173
161
166
159
169
161
163
171
169
164
164
165
165
170
167
174
174
180
165
164
172
170
170
178
167
166
168
162
170
166
159
169
162
168
164
162
167
169
171
167
163
165
169
169
166
173
175
175
169
165
168
172
170
170
171
164
171
162
159
170
169
165
169
168
164
164
168
170
165
166
165
158
157
161
164
153
154
155
166
166
162
161
150
151
149
156
162
154
149
155
159
162
162
156
167
164
168
159
160
163
169
168
164
164
165
156
166
162
167
165
165
163
166
158
164
160
153
162
149
159
159
150
157
152
164
157
151
152
161
156
161
161
162
159
172
168
163
168
174
163
154
161
168
162
169
163
170
167
172
167
167
162
158
161
160
159
167
164
173
168
171
170
163
160
157
158
154
153
149
144
151
143
135
140
138
139
135
135
133
129
137
133
141
132
131
125
138
126
132
132
124
136
110
109
130
107
127
124
133
132
134
140
130
128
136
133
107
124
130
131
139
140
141
139
133
132
137
145
139
142
146
147
153
153
157
152
162
157
164
159
171
164
177
174
176
162
172
165
161
171
167
173
170
166
164
168
162
166
163
171
170
181
170
177
176
175
173
170
170
168
171
170
173
164
166
169
170
168
166
166
160
168
166
160
158
153
157
162
163
163
165
171
164
166
169
162
167
169
168
166
165
172
169
166
167
166
171
168
168
163
165
171
166
166
169
161
169
163
168
159
156
161
157
157
161
163
161
161
156
153
153
164
167
162
162
163
166
163
165
155
162
160
161
166
164
153
160
160
155
158
158
155
153
152
156
153
152
147
149
138
146
152
142
146
150
156
146
159
151
158
154
162
154
153
153
141