5792
5792
5788
5778
5779
5780
5781
5767
5769
5772
5773
5773
5774
5768
5775
5814
5814
5819
5820
5817
5816
5813
5811
5810
5809
5808
5807
5807
5807
5806
5806
5806
5807
5807
5807
5755
5758
5759
5759
5749
5755
5783
5782
5780
5782
5789
5779
5781
5786
5789
5795
5793
5795
5796
5786
5786
5786
5786
5785
5781
5783
5798
5790
5786
5782
5781
5785
5793
5796
5801
5801
5800
5796
5793
5797
5796
5797
5800
5794
5803
5794
5780
5776
5777
5780
5777
5775
5774
5766
5764
5767
5763
5758
5757
5763
5769
5759
5755
5752
5745
5760
5760
5760
5758
5753
5747
5746
5746
5747
5744
5745
5741
5739
5745
5741
5740
5736
5750
5756
5757
5755
5760
5753
5747
5747
5762
5770
5767
5763
5753
5754
5751
5761
5761
5756
5752
5752
5745
5739
5731
5744
5748
5747
5745
5747
5755
5765
5766
5770
5771
5770
5769
5769
5762
5754
5747
5742
5744
5741
5737
5734
5729
5722
5720
5721
5717
5717
5717
5715
5709
5711
5707
5707
5718
5715
5714
5716
5726
5732
5737
5733
5738
5734
5735
5736
5739
5735
5742
5747
5756
5762
5776
5778
5798
5807
5813
5818
5822
5817
5819
5825
5829
5834
5843
5853
5856
5868
5876
5876
5867
5864
5870
5872
5881
5886
5892
5900
5906
5915
5920
5928
5935
5949
5960
5963
5965
5969
5978
5988
5993
5998
6002
6006
6017
6021
6025
6027
6029
6035
6036
6039
6043
6044
6048
6053
6057
6062
6071
6076
6083
6088
6091
6092
6103
6112
6119
6126
6131
6141
6145
6164
6161
6170
6174
6179
6189
6194
6201
6207
6212
6217
6219
6223
6226
6231
6235
6242
6250
6254
6261
6266
6275
6279
6282
6285
6290
6297
6304
6312
6315
6326
6328
6330
6333
6341
6349
6356
6362
6370
6374
6381
6389
6395
6402
6407
6412
6422
6428
6435
6443
6448
6457
6470
6477
6480
6485
6490
6498
6507
6512
6516
6521
6525
6530
6541
6550
6554
6558
6566
6569
6573
6580
6588
6589
6597
6603
6616
6621
6625
6630
6636
6646
6655
6655
6660
6666
6672
6682
6691
6691
6695
6697
6699
6705
6715
6722
6729
6735
6739
6744
6753
6762
6767
6777
6785
6794
6799
6805
6813
6821
6825
6830
6838
6845
6848
6849
6852
6857
6871
6880
6889
6892
6898
6907
6912
6917
6925
6932
6933
6938
6943
6947
6953
6961
6968
6973
6983
6988
6998
7008
7016
7019
7020
7019
7031
7028
7027
7027
7027
7027
7030
7030
7029
7029
7029
7034
7034
7034
7034
7034
7034
7033
7033
7033
7033
7033
7033
7033
7033
7033
7033
7035
7036
7037
7037
7036
7037
7037
7037
7037
7041
7040
7040
7044
7047
7049
7057
7065
7064
7069
7074
7079
7087
7087
7092
7092
7096
7106
7104
7107
7112
7114
7122
7124
7128
7131
7142
7148
7152
7153
7158
7165
7172
7176
7183
7188
7195
7200
7209
7216
7224
7224
7229
7232
7241
7246
7253
7260
7269
7270
7279
7283
7288
7295
7303
7306
7315
7320
7323
7329
7342
7353
7357
7368
7375
7373
7379
7387
7392
7397
7405
7411
7418
7422
7428
7430
7426
7422
7429
7435
7445
7458
7465
7468
7469
7473
7477
7483
7492
7495
7503
7507
7512
7519
7528
7541
7549
7555
7564
7571
7581
7585
7590
7603
7611
7619
7631
7638
7640
7647
7654
7657
7663
7668
7674
7682
7683
7695
7699
7714
7729
7734
7744
7750
7749
7743
7738
7741
7747
7755
7763
7767
7774
7778
7777
7774
7775
7775
7775
7781
7784
7781
7783
7784
7784
7783
7782
7788
7796
7808
7812
7817
7825
7831
7838
7841
7849
7853
7858
7862
7864
7866
7871
7872
7877
7881
7885
7890
7893
7896
7900
7904
7911
7921
7923
7926
7931
7939
7937
7940
7947
7952
7957
7963
7967
7968
7971
7975
7978
7980
7983
7983
7985
7988
7993
8000
8007
8013
8018
8027
8033
8038
8044
8041
8043
8045
8048
8053
8057
8059
8063
8068
8071
8075
8080
8084
8088
8091
8097
8099
8103
8111
8112
8115
8118
8120
8126
8131
8133
8133
8135
8137
8137
8137
8137
8137
8137
8137
8137
8137
8137
8137
8137
8147
8147
8146
8146
8144
8143
8143
8143
8139
8139
8139
8139
8139
8139
8139
8139
8139
8139
8139
8139
8139
8139
8139
8126
8126
8126
8126
8126
8126
8126
8130
8132
8135
8141
8145
8149
8153
8157
8159
8163
8171
8176
8180
8183
8188
8193
8195
8197
8202
8206
8209
8214
8220
8221
8226
8228
8230
8232
8236
8244
8252
8258
8259
8257
8259
8262
8265
8268
8273
8279
8282
8285
8291
8293
8294
8297
8301
8303
8312
8311
8313
8319
8322
8324
8327
8330
8334
8338
8342
8346
8347
8351
8353
8357
8359
8363
8366
8369
8373
8375
8377
8380
8382
8385
8388
8389
8392
8395
8396
8395
8400
8403
8407
8409
8412
8412
8414
8419
8421
8425
8432
8438
8440
8445
8449
8456
8464
8473
8480
8484
8490
8495
8503
8507
8513
8518
8522
8525
8532
8537
8543
8547
8549
8555
8562
8569
8575
8581
8589
8594
8599
8603
8610
8614
8619
8627
8631
8644
8651
8657
8664
8672
8678
8681
8685
8687
8694
8700
8703
8707
8712
8715
8716
8719
8722
8728
8732
8738
8739
8743
8744
8748
8750
8754
8759
8763
8769
8774
8771
8776
8781
8786
8791
8795
8798
8802
8807
8810
8815
8821
8827
8831
8840
8846
8853
8864
8866
8874
8879
8886
8893
8902
8904
8918
8930
8938
8945
8949
8955
8961
8967
8979
8984
8990
8996
9000
9005
9013
9018
9022
9024
9028
9031
9038
9042
9047
9052
9055
9058
9063
9069
9073
9079
9084
9089
9093
9095
9098
9102
9105
9108
9117
9120
9119
9123
9129
9131
9135
9140
9146
9152
9155
9157
9162
9165
9170
9175
9180
9184
9188
9193
9194
9201
9204
9206
9210
9211
9214
9217
9224
9228
9231
9235
9238
9245
9249
9254
9259
9267
9272
9274
9278
9281
9288
9292
9299
9302
9304
9310
9316
9320
9325
9326
9329
9332
9333
9342
9351
9361
9374
9381
9390
9401
9409
9410
9414
9420
9425
9437
9441
9443
9449
9455
9458
9465
9471
9475
9481
9482
9484
9490
9494
9499
9504
9505
9510
9515
9519
9523
9525
9529
9535
9536
9537
9536
9535
9535
9535
9535
9535
9535
9535
9535
9535
9531
9531
9531
9531
9531
9531
9531
9531
9531
9531
9531
9531
9531
9531
9531
9531
9531
9531
9531
9531
9531
9524
9523
9524
9524
9524
9524
9524
9524
9524
9524
9524
9524
9524
9524
9524
9524
9524
9524
9524
9524
9524
9524
9524
9524
9524
9524
9524
9524
9524
9524
9525
9531
9537
9542
9549
9555
9560
9569
9577
9581
9588
9592
9598
9601
9606
9614
9617
9623
9630
9634
9639
9642
9646
9649
9662
9670
9679
9682
9687
9688
9696
9710
9716
9719
9727
9736
9743
9749
9754
9758
9765
9773
9777
9780
9783
9785
9790
9793
9797
9798
9802
9807
9814
9820
9824
9825
9823
9818
9817
9814
9814
9814
9814
9814
9814
9814
9802
9801
9802
9800
9802
9802
9802
9802
9802
9802
9802
9801
9800
9800
9802
9806
9802
9803
9808
9808
9805
9805
9803
9803
9802
9802
9802
9803
9807
9812
9812
9808
9815
9821
9827
9834
9839
9847
9854
9861
9867
9869
9869
9872
9877
9880
9881
9884
9886
9888
9890
9893
9893
9899
9905
9908
9912
9916
9921
9927
9932
9938
9944
9950
9958
9967
9975
9982
9989
9840
9839
9841
9842
9843
9844
9932
9899
9888
9888
9888
9886
9886
9881
9880
9880
9882
9882
9882
9882
9882
9881
9881
9875
9875
9875
9875
9875
7094
7072
7072
7072
7072
7072
6068
6068
6068
4024
4039
4036
4030
4030
4030
4030
3650
3650
3650
2853
2853
2853
77
69
-11
-11
-11
-11
-11
-11
-11
-11
139
139
207
207
276
276
266
266
266
266
266
266
959
963
1071
1071
1071
1075
1075
1075
1075
1075
1075
1414
1414
1873
1873
1916
1916
1916
1916
1916
1916
1916
1916
1916
1916
1916
1916
1916
1916
2056
2056
2160
2160
2160
2160
2709
2712
2714
2714
2714
2710
2712
2713
2713
2713
2713
2713
2713
2712
2712
2713
2713
2714
2713
2713
2713
2713
2713
2713
2713
2713
2711
2728
2738
2739
2743
2675
2676
2674
2712
2716
2719
2720
2720
2713
2715
2717
2719
2723
2731
2740
2747
2752
2758
2762
2769
2774
2779
2780
2785
2787
2790
2792
2790
2787
2791
2791
2792
2791
2791
2794
2795
2796
2795
2795
2796
2796
2796
2800
2802
2804
2806
2805
2806
2805
2807
2811
2815
2818
2820
2820
2827
2832
2836
2842
2848
2853
2855
2857
2851
2866
2876
2886
2889
2897
2910
2920
2927
2932
2940
2947
2953
2956
2963
2969
2973
2976
2979
2981
2985
2988
2994
2998
3001
3003
3006
3010
3014
3019
3023
3028
3033
3037
3039
3044
3051
3054
3058
3060
3061
3068
3070
3074
3079
3084
3088
3091
3094
3094
3095
3099
3103
3106
3109
3111
3114
3120
3125
3129
3133
3139
3143
3150
3154
3159
3165
3168
3171
3174
3179
3186
3192
3198
3205
3209
3216
3223
3225
3230
3237
3241
3247
3256
3261
3266
3268
3270
3275
3277
3277
3278
3279
3280
3279
3277
3280
3281
3283
3282
3284
3287
3290
3289
3284
3280
3280
3286
3290
3299
3307
3314
3319
3326
3335
3338
3350
3358
3362
3371
3380
3386
3392
3396
3403
3408
3413
3414
3417
3417
3415
3415
3413
3413
3413
3413
3413
3413
3413
3413
3413
3401
3401
3399
3399
3399
3399
3403
3403
3403
3407
3409
3409
3410
3411
3413
3418
3419
3423
3425
3425
3424
3423
3423
3423
3422
3426
3425
3427
3428
3427
3426
3426
3426
3427
3428
3427
3424
3433
3439
3444
3449
3451
3456
3459
3465
3467
3473
3476
3482
3490
3496
3501
3504
3513
3531
3533
3539
3544
3549
3558
3565
3573
3578
3584
3588
3595
3602
3609
3615
3622
3633
3639
3639
3646
3656
3658
3662
3670
3675
3681
3685
3690
3697
3698
3702
3707
3713
3719
3729
3734
3738
3746
3753
3759
3763
3765
3768
3774
3780
3781
3786
3792
3796
3799
3805
3808
3810
3816
3821
3826
3830
3832
3837
3841
3845
3852
3851
3854
3859
3864
3868
3871
3874
3877
3881
3886
3891
3895
3899
3902
3907
3912
3916
3919
3926
3930
3934
3940
3942
3948
3952
3956
3957
3963
3966
3972
3978
3983
3985
3985
3988
3995
3995
3997
4003
4006
4011
4018
4018
4022
4028
4031
4035
4042
4046
4053
4064
4064
4063
4071
4074
4081
4089
4095
4099
4105
4113
4111
4115
4125
4129
4131
4136
4142
4145
4150
4158
4162
4166
4159
4166
4172
4176
4177
4184
4186
4191
4194
4202
4205
4208
4213
4215
4219
4223
4230
4235
4238
4245
4247
4250
4253
4259
4264
4271
4271
4275
4278
4284
4289
4293
4294
4301
4304
4307
4311
4318
4317
4322
4326
4333
4338
4340
4342
4348
4352
4359
4366
4373
4375
4382
4386
4391
4398
4399
4404
4408
4413
4416
4419
4422
4427
4433
4437
4441
4444
4448
4451
4453
4456
4461
4466
4472
4475
4479
4482
4488
4490
4495
4501
4504
4509
4515
4520
4527
4526
4530
4535
4540
4544
4546
4548
4551
4555
4560
4567
4573
4578
4578
4582
4587
4594
4600
4607
4608
4614
4617
4626
4629
4637
4638
4641
4647
4654
4658
4660
4671
4673
4674
4683
4690
4699
4697
4705
4705
4711
4718
4722
4730
4734
4734
4740
4742
4748
4753
4757
4759
4764
4764
4769
4773
4774
4774
4771
4777
4779
4785
4789
4798
4799
4805
4808
4813
4818
4825
4832
4839
4844
4847
4853
4854
4856
4851
4862
4870
4877
4882
4888
4888
4888
4895
4898
4900
4908
4912
4916
4922
4930
4935
4938
4942
4948
4956
4958
4953
4952
4955
4958
4963
4967
4969
4973
4976
4981
4984
4988
4992
4992
4993
4991
4991
4989
4991
4991
4994
4995
4996
4999
4998
4999
5000
5000
5003
5004
5005
5006
5006
5009
5011
5014
5017
5020
5027
5035
5039
5041
5046
5051
5058
5069
5077
5083
5093
5099
5099
5109
5119
5122
5127
5134
5142
5144
5148
5153
5155
5159
5164
5170
5178
5185
5188
5191
5196
5200
5208
5210
5214
5218
5222
5227
5231
5233
5238
5244
5249
5256
5258
5262
5267
5270
5277
5281
5288
5290
5298
5304
5310
5312
5313
5319
5323
5329
5332
5337
5341
5344
5348
5351
5358
5363
5366
5367
5373
5377
5383
5388
5393
5398
5401
5403
5405
5409
5415
5420
5422
5428
5432
5435
5440
5444
5450
5454
5458
5462
5465
5469
5471
5476
5481
5486
5489
5496
5501
5506
5511
5516
5519
5524
5529
5535
5541
5546
5547
5550
5557
5564
5575
5574
5579
5581
5585
5589
5594
5596
5599
5608
5610
5616
5623
5627
5631
5631
5634
5639
5643
5651
5656
5659
5663
5667
5672
5677
5680
5679
5685
5694
5698
5704
5705
5711
5715
5722
5727
5733
5736
5739
5741
5744
5752
5755
5759
5761
5761
5770
5773
5779
5791
5786
5788
5791
5797
5805
5809
5814
5814
5817
5813
5819
5825
5826
5828
5831
5833
5837
5833
5827
5819
5816
5815
5806
5799
5792
5787
5781
5771
5765
5760
5750
5746
5740
5735
5728
5721
5713
5708
5704
5699
5693
5691
5688
5686
5682
5680
5677
5674
5671
5670
5667
5664
5663
5662
5666
5666
5668
5667
5665
5664
5669
5670
5667
5664
5662
5662
5656
5654
5651
5655
5652
5652
5653
5649
5646
5630
5630
5635
5640
5643
5644
5644
5646
5642
5644
5643
5643
5641
5640
5638
5637
5640
5636
5629
5620
5637
5638
5646
5667
5682
5685
5683
5683
5684
5682
5683
5676
5692
5692
5697
5590
5659
5651
5639
5632
5630
5627
5622
5748
5653
5778
5778
5778
5778
5778
5778
5789
5788
5788
5788
5787
5787
5787
5787
5786
5786
5786
5786
5786
5786
5786
5786
5787
5787
5787
5787
5787
5787
5787
5787
5787
5787
5787
5787
5787
5787
5787
5787
5786
5786
5786
5786
5786
5786
5786
5786
5786
5786
5786
5786
5786
5786
5786
5786
5786
5786
5786
5786
5786
5786
5785
5785
5784
5784
5783
5782
5782
5782
5781
5780
5779
5779
5778
5777
5777
5776
5783
5781
5783
5787
5796
5803
5809
5813
5820
5826
5847
5854
5857
5858
5858
5859
5859
5860
5861
5860
5860
5860
5860
5860
5847
5852
5852
5853
5853
5853
5853
5834
5855
5855
5855
5855
5855
5855
5855
5854
5854
5854
5854
5854
5854
5854
5854
5854
5854
5854
5854
5854
5854
5854
5855
5855
5852
5853
5853
5853
5853
5853
5853
5853
5853
5853
5853
5853
5852
5852
5852
5852
5852
5852
5852
5852
5852
5853
5853
5853
5853
5853
5853
5853
5853
5853
5853
5853
5853
5847
5847
5848
5848
5848
5848
5848
5848
5848
5849
5848
5846
5845
5821
5818
5816
5808
5808
5803
5800
5800
5798
5797
5796
5796
5794
5794
5793
5793
5793
5793
5793
5793
5793
5792
5792
5791
5790
5790
5789
5789
5789
5789
5789
5789
5789
5789
5789
5789
5789
5789
5789
5789
5789
5789
5789
5789
5789
5788
5788
5788
5788
5788
5788
5788
5788
5788
5788
5788
5786
5786
5786
5786
5786
5786
5786
5786
5786
5786
5786
5786
5786
5786
5786
5786
5786
5786
5786
5786
5786
5786
5786
5786
5786
5786
5786
5786
5786
5786
5786
5786
5785
5785
5785
5785
5785
5785
5785
5785
5785
5785
5785
5785
5785
5785
5785
5785
5785
5785
5785
5785
5785
5785
5785
5785
5785
5785
5785
5785
5785
5785
5785
5785
5784
5784
5784
5784
5784
5784
5785
5785
5785
5785
5785
5785
5785
5785
5785
5785
5785
5785
5785
5785
5785
5785
5785
5785
5785
5786
5786
5786
5786
5786
5786
5786
5784
5784
5784
5784
5784
5784
5784
5784
5784
5783
5783
5783
5783
5783
5784
5784
5784
5784
5784
5784
5784
5784
5784
5784
5784
5784
5784
5784
5784
5784
5784
5784
5784
5784
5784
5785
5785
5785
5785
5785
5785
5784
5784
5784
5784
5784
5784
5784
5784
5784
5784
5784
5784
5784
5784
5785
5785
5785
5785
5785
5785
5785
5785
5785
5785
5785
5785
5785
5785
5785
5785
5785
5785
5784
5785
5785
5785
5785
5785
5785
5785
5785
5785
5785
5785
5785
5785
5785
5785
5785
5785
5785
5785
5785
5785
5785
5785
5786
5786
5786
5786
5786
5786
5786
5786
5785
5785
5785
5785
5785
5786
5786
5786
5786
5786
5786
5786
5786
5786
5786
5786
5786
5786
5786
5786
5786
5786
5786
5786
5786
5786
5786
5786
5786
5786
5786
5786
5785
5785
5785
5785
5785
5786
5786
5786
5786
5786
5786
5786
5786
5786
5786
5786
5786
5786
5786
5786
5786
5786
5786
5786
5786
5786
5786
5786
5786
5786
5786
5786
5786
5786
5786
5786
5786
5786
5786
5786
5786
5786
5786
5786
5786
5786
5786
5786
5786
5786
5786
5786
5786
5786
5786
5786
5786
5786
5786
5786
5786
5786
5786
5786
5786
5786
5786
5786
5786
5786
5786
5786
5786
5786
5786
5786
5786
5786
5786
5786
5786
5786
5786
5786
5786
5786
5786
5786
5786
5786
5786
5786
5786
5786
5786
5786
5785
5785
5785
5785
5785
5785
5785
5785
5785
5785
5786
5786
5786
5786
5786
5786
5786
5786
5786
5786
5786
5786
5786
5786
5786
5786
5786
5786
5786
5786
5786
5786
5785
5785
5785
5785
5785
5785
5785
5785
5785
5785
5785
5786
5786
5786
5786
5786
5786
5786
5786
5786
5786
5786
5786
5786
5786
5786
5786
5786
5786
5786
5786
5786
5785
5785
5785
5785
5785
5785
5785
5785
5786
5786
5786
5786
5786
5786
5786
5786
5786
5786
5786
5786
5786
5786
5786
5786
5786
5786
5786
5786
5786
5786
5786
5786
5785
5785
5785
5785
5785
5785
5785
5785
5785
5785
5785
5785
5785
5785
5786
5786
5786
5786
5786
5786
5786
5786
5786
5786
5786
5786
5786
5786
5786
5786
5786
5786
5785
5785
5785
5785
5785
5785
5786
5786
5786
5786
5786
5786
5786
5786
5786
5786
5786
5786
5786
5786
5786
5786
5786
5786
5786
5786
5786
5786
5786
5786
5786
5786
5785
5785
5786
5786
5786
5786
5786
5786
5786
5786
5786
5786
5786
5786
5786
5786
5786
5786
5786
5786
5786
5786
5786
5786
5786
5786
5786
5786
5786
5786
5786
5786
5785
5785
5785
5785
5785
5785
5785
5785
5785
5785
5785
5785
5786
5786
5786
5786
5786
5786
5786
5786
5786
5786
5786
5786
5786
5786
5786
5786
5786
5786
5786
5786
5785
5785
5785
5785
5785
5785
5785
5785
5785
5785
5786
5786
5786
5786
5786
5786
5786
5786
5786
5786
5786
5786
5786
5786
5786
5786
5786
5786
5786
5786
5786
5786
5785
5785
5785
5785
5785
5785
5785
5785
5785
5786
5786
5786
5786
5786
5786
5786
5786
5786
5786
5786
5786
5786
5786
5786
5786
5786
5786
5786
5786
5786
5786
5786
5785
5785
5785
5785
5785
5786
5786
5786
5786
5786
5786
5786
5786
5786
5786
5786
5786
5786
5786
5786
5786
5786
5786
5786
5786
5786
5786
5786
5786
5786
5786
5786
5785
5785
5785
5785
5785
5785
5785
5785
5785
5785
5785
5785
5785
5785
5785
5769
5763
5762
5762
5765