8553
8553
8552
8546
8544
8543
8543
8537
8536
8533
8533
8533
8532
8529
8529
8516
8517
8516
8517
8516
8516
8516
8516
8516
8515
8515
8514
8514
8514
8514
8514
8514
8514
8514
8514
8511
8506
8507
8505
8498
8500
8506
8505
8507
8507
8506
8503
8509
8509
8508
8508
8507
8506
8505
8507
8505
8505
8505
8506
8508
8508
8505
8503
8503
8503
8505
8505
8510
8512
8513
8513
8514
8516
8517
8511
8508
8511
8518
8513
8514
8512
8510
8507
8506
8505
8504
8504
8504
8502
8506
8505
8501
8499
8497
8500
8502
8503
8499
8498
8504
8506
8509
8508
8508
8508
8507
8509
8507
8504
8503
8501
8500
8503
8506
8503
8502
8499
8505
8511
8511
8513
8515
8513
8513
8518
8517
8518
8516
8515
8512
8512
8512
8514
8513
8509
8506
8505
8504
8504
8503
8504
8507
8507
8508
8508
8518
8520
8522
8531
8537
8541
8545
8549
8551
8552
8551
8552
8557
8561
8564
8564
8566
8568
8571
8574
8574
8575
8574
8577
8576
8578
8578
8580
8581
8586
8585
8583
8580
8581
8584
8592
8594
8605
8604
8606
8608
8612
8611
8612
8613
8613
8612
8613
8610
8611
8612
8612
8612
8618
8617
8615
8616
8617
8617
8624
8625
8625
8628
8631
8639
8646
8648
8654
8658
8658
8657
8656
8657
8658
8658
8661
8660
8658
8664
8665
8668
8672
8675
8678
8680
8683
8685
8687
8689
8691
8691
8692
8693
8696
8697
8698
8698
8700
8702
8704
8704
8703
8705
8706
8705
8706
8705
8706
8710
8712
8713
8716
8719
8723
8723
8727
8724
8724
8726
8728
8727
8730
8731
8732
8734
8735
8734
8735
8737
8738
8740
8740
8742
8743
8743
8744
8746
8745
8743
8742
8743
8744
8746
8747
8746
8746
8747
8749
8750
8751
8752
8751
8751
8750
8750
8749
8749
8749
8750
8751
8752
8753
8756
8754
8755
8750
8751
8749
8750
8751
8749
8749
8749
8749
8749
8750
8749
8750
8751
8752
8753
8753
8754
8755
8755
8756
8755
8755
8755
8755
8754
8753
8753
8753
8752
8750
8750
8750
8751
8749
8749
8749
8748
8749
8750
8751
8751
8751
8752
8754
8754
8755
8754
8755
8755
8756
8756
8756
8757
8757
8756
8757
8757
8758
8760
8759
8759
8759
8758
8757
8757
8757
8759
8760
8762
8764
8763
8765
8769
8769
8776
8780
8781
8781
8782
8783
8783
8783
8784
8791
8789
8785
8783
8781
8781
8781
8781
8782
8783
8785
8785
8785
8785
8785
8785
8785
8785
8785
8785
8785
8787
8787
8787
8787
8787
8788
8788
8788
8788
8788
8788
8788
8788
8788
8788
8788
8784
8785
8785
8786
8786
8787
8787
8787
8787
8787
8787
8787
8786
8786
8788
8791
8794
8795
8797
8798
8799
8800
8799
8800
8804
8804
8807
8808
8808
8809
8809
8811
8812
8814
8815
8820
8823
8824
8824
8826
8829
8830
8832
8834
8834
8841
8845
8845
8844
8845
8845
8849
8847
8848
8848
8848
8848
8847
8850
8855
8856
8859
8862
8865
8868
8871
8872
8874
8876
8877
8876
8874
8874
8878
8876
8874
8874
8876
8877
8879
8881
8884
8886
8888
8890
8890
8889
8896
8898
8899
8903
8905
8908
8911
8916
8919
8923
8929
8933
8930
8933
8935
8936
8938
8939
8937
8939
8938
8940
8940
8940
8942
8945
8947
8945
8944
8943
8945
8950
8956
8958
8962
8965
8968
8966
8964
8960
8959
8958
8954
8959
8960
8959
8962
8964
8970
8974
8978
8981
8984
8985
8988
8990
8992
8993
8993
8993
8993
8995
8996
8997
8997
8998
9002
9004
9003
9006
9008
9011
9014
9016
9019
9022
9024
9026
9028
9031
9033
9036
9039
9040
9044
9046
9049
9049
9052
9054
9056
9057
9061
9065
9071
9071
9073
9076
9078
9081
9082
9083
9086
9090
9092
9094
9096
9099
9101
9102
9105
9108
9108
9109
9112
9115
9116
9118
9117
9116
9117
9120
9123
9127
9133
9135
9137
9140
9144
9146
9149
9152
9153
9155
9158
9160
9166
9168
9172
9172
9175
9177
9177
9180
9181
9186
9191
9193
9197
9199
9201
9203
9204
9205
9205
9205
9205
9205
9205
9205
9205
9205
9205
9205
9205
9209
9208
9208
9209
9209
9209
9209
9209
9209
9209
9209
9209
9209
9209
9209
9209
9209
9209
9209
9209
9209
9209
9209
9209
9209
9209
9209
9209
9209
9209
9212
9214
9215
9218
9220
9222
9226
9228
9230
9231
9235
9237
9239
9241
9243
9245
9246
9248
9249
9251
9253
9256
9259
9261
9262
9264
9267
9268
9270
9271
9273
9275
9277
9279
9280
9282
9286
9289
9291
9293
9296
9298
9299
9302
9304
9305
9308
9308
9311
9313
9315
9317
9320
9321
9323
9327
9329
9330
9333
9336
9338
9339
9340
9342
9346
9347
9349
9350
9352
9355
9357
9360
9362
9365
9369
9371
9372
9376
9376
9378
9378
9381
9383
9385
9388
9392
9394
9397
9403
9403
9411
9411
9411
9412
9416
9420
9423
9426
9428
9429
9430
9432
9435
9437
9439
9441
9444
9445
9447
9449
9450
9455
9454
9456
9457
9459
9461
9463
9466
9466
9467
9468
9470
9472
9475
9476
9477
9478
9480
9480
9482
9483
9485
9487
9489
9489
9494
9496
9496
9499
9503
9505
9505
9507
9510
9513
9516
9519
9521
9523
9523
9524
9525
9527
9529
9532
9532
9534
9537
9540
9543
9546
9548
9552
9556
9558
9559
9560
9563
9565
9568
9570
9572
9573
9575
9575
9578
9581
9582
9587
9589
9589
9592
9594
9594
9594
9595
9598
9602
9604
9605
9606
9606
9605
9607
9610
9612
9615
9618
9619
9623
9624
9628
9632
9633
9634
9636
9636
9638
9641
9644
9645
9648
9652
9655
9659
9661
9664
9666
9668
9672
9674
9677
9680
9682
9686
9689
9691
9693
9695
9697
9700
9702
9703
9706
9709
9711
9713
9716
9719
9721
9722
9725
9727
9730
9733
9736
9738
9741
9744
9747
9750
9752
9755
9757
9759
9761
9763
9767
9770
9770
9772
9774
9776
9778
9780
9782
9784
9785
9787
9789
9791
9794
9796
9799
9801
9802
9803
9803
9804
9807
9808
9810
9811
9813
9814
9818
9823
9826
9827
9828
9829
9831
9831
9833
9834
9835
9835
9835
9836
9838
9839
9842
9844
9846
9849
9851
9853
9856
9858
9860
9863
9864
9864
9864
9863
9863
9863
9863
9863
9863
9863
9863
9863
9864
9864
9864
9864
9864
9864
9864
9864
9864
9864
9864
9864
9864
9864
9864
9864
9864
9864
9864
9864
9864
9863
9863
9863
9863
9863
9863
9863
9863
9863
9863
9863
9863
9863
9863
9863
9862
9862
9862
9862
9862
9862
9862
9862
9862
9862
9862
9862
9862
9862
9862
9862
9864
9866
9867
9869
9869
9870
9873
9876
9877
9879
9880
9881
9881
9883
9885
9887
9890
9892
9892
9895
9895
9894
9894
9896
9898
9900
9900
9900
9902
9904
9906
9907
9908
9909
9912
9914
9916
9918
9919
9920
9923
9921
9921
9921
9921
9923
9923
9923
9923
9923
9923
9924
9924
9924
9925
9924
9923
9924
9922
9922
9922
9922
9922
9922
9922
9921
9921
9920
9919
9919
9919
9919
9919
9919
9919
9919
9917
9916
9916
9917
9916
9914
9914
9915
9918
9920
9920
9920
9920
9919
9918
9918
9918
9919
9923
9923
9924
9924
9923
9923
9922
9920
9920
9918
9920
9920
9920
9921
9923
9926
9927
9928
9928
9928
9930
9930
9930
9930
9931
9930
9931
9930
9930
9929
9929
9929
9930
9930
9931
9930
9933
9934
9935
9936
9941
9944
9945
9946
9947
9948
9964
9975
9977
9976
9977
9977
9977
9980
9981
9981
9975
9975
9975
9975
9975
9976
9976
9982
9982
9982
9983
9983
9124
9137
9137
9137
9137
9137
9178
9178
9178
7977
7987
7985
7982
7982
7982
7982
7877
7877
7877
7587
7587
7587
6592
6589
6567
6567
6567
6567
6567
6567
6567
6567
6591
6591
6526
6526
6460
6460
6345
6345
6345
6345
6345
6345
5320
5315
5154
5153
5153
5150
5150
5150
5150
5150
5150
4722
4722
3935
3935
3944
3944
3944
3944
3944
3944
3944
3944
3944
3944
3944
3944
3944
3944
3825
3825
3627
3627
3627
3627
2137
2136
2137
2137
2136
2135
2132
2131
2131
2131
2130
2130
2129
2131
2131
2130
2131
2132
2133
2133
2132
2131
2131
2131
2130
2130
2132
2109
2094
2094
2083
2071
2074
2061
2073
2071
2074
2072
2071
2064
2060
2057
2055
2053
2052
2052
2054
2055
2055
2055
2054
2052
2050
2045
2041
2039
2038
2036
2033
2030
2026
2024
2020
2018
2014
2010
2007
2004
2000
1996
1994
1991
1989
1985
1981
1979
1976
1972
1968
1962
1959
1955
1953
1949
1948
1945
1942
1940
1938
1937
1934
1931
1929
1921
1921
1921
1917
1915
1915
1914
1914
1917
1918
1920
1920
1920
1918
1917
1914
1911
1910
1908
1906
1901
1899
1896
1895
1893
1892
1886
1883
1879
1878
1876
1875
1873
1871
1869
1865
1864
1862
1860
1857
1854
1852
1848
1847
1846
1844
1841
1838
1837
1835
1830
1826
1821
1820
1818
1815
1811
1807
1804
1800
1797
1794
1791
1791
1790
1791
1789
1786
1784
1781
1777
1774
1771
1770
1768
1766
1764
1759
1755
1754
1751
1749
1745
1744
1740
1738
1732
1728
1724
1721
1718
1713
1710
1707
1703
1700
1698
1694
1691
1688
1684
1681
1677
1675
1673
1672
1671
1666
1665
1660
1659
1658
1658
1660
1662
1661
1661
1661
1663
1664
1664
1663
1661
1661
1661
1661
1660
1661
1661
1658
1657
1658
1658
1659
1659
1659
1659
1659
1659
1659
1659
1659
1658
1657
1657
1657
1657
1657
1658
1658
1658
1658
1657
1656
1652
1648
1646
1643
1639
1637
1634
1630
1626
1622
1620
1618
1616
1612
1610
1610
1611
1610
1610
1610
1610
1612
1610
1604
1595
1594
1591
1589
1588
1585
1581
1579
1573
1573
1570
1567
1566
1564
1563
1562
1560
1559
1558
1559
1556
1554
1554
1553
1553
1555
1553
1551
1549
1549
1548
1549
1549
1548
1546
1546
1544
1541
1538
1537
1534
1532
1531
1529
1529
1526
1524
1523
1520
1517
1513
1511
1509
1507
1504
1503
1500
1500
1498
1496
1492
1491
1487
1485
1483
1480
1479
1476
1472
1469
1470
1467
1463
1460
1458
1455
1452
1449
1446
1444
1441
1441
1437
1435
1432
1432
1429
1427
1424
1421
1419
1417
1416
1413
1409
1407
1404
1402
1399
1397
1393
1391
1388
1386
1383
1379
1379
1376
1374
1372
1369
1366
1364
1361
1357
1354
1352
1349
1346
1345
1342
1338
1336
1333
1330
1327
1324
1322
1319
1317
1313
1312
1310
1307
1306
1302
1299
1298
1296
1293
1292
1291
1289
1285
1280
1278
1276
1272
1269
1266
1264
1264
1261
1257
1255
1253
1249
1249
1247
1244
1240
1236
1232
1229
1225
1222
1220
1218
1215
1214
1211
1208
1207
1204
1201
1198
1196
1193
1189
1188
1184
1182
1178
1175
1173
1169
1167
1165
1161
1158
1155
1153
1151
1149
1146
1145
1141
1139
1136
1134
1131
1132
1129
1126
1124
1122
1118
1115
1113
1111
1110
1107
1102
1099
1092
1089
1086
1086
1082
1078
1075
1072
1073
1071
1065
1063
1058
1054
1052
1051
1047
1046
1045
1044
1041
1038
1036
1034
1030
1027
1024
1022
1020
1016
1014
1012
1010
1007
1004
1002
999
996
994
992
990
988
984
981
978
976
974
972
971
968
965
963
961
958
953
950
947
945
945
942
939
933
931
929
925
923
921
918
915
912
912
907
906
903
901
898
895
893
890
886
882
879
875
876
872
870
868
865
858
858
855
854
853
850
846
846
846
845
842
838
836
833
830
825
824
820
818
822
817
814
808
808
803
800
800
797
794
790
789
787
784
781
780
774
770
766
764
765
762
758
755
752
750
747
745
742
739
736
731
727
723
720
718
714
712
709
704
701
697
694
689
686
682
673
674
669
669
665
660
656
650
648
646
643
645
642
643
646
646
648
646
644
643
641
641
639
637
636
637
635
630
629
626
622
619
616
612
611
610
610
608
606
605
602
599
598
596
594
591
586
583
580
579
577
574
570
569
569
566
562
561
557
553
551
547
544
541
539
535
533
531
528
525
524
520
518
517
515
512
509
506
504
500
497
493
490
488
484
482
479
477
475
473
471
467
463
461
456
452
448
447
442
437
435
431
428
423
423
421
418
416
413
411
408
406
403
400
398
398
399
395
394
391
389
387
384
378
379
378
376
372
367
366
363
361
360
358
354
350
348
344
342
339
335
334
331
328
327
322
321
315
313
311
310
306
304
301
297
296
294
291
289
287
283
282
279
281
281
276
271
268
265
262
259
257
255
251
249
247
244
242
238
238
236
232
230
226
222
216
214
210
205
200
198
195
194
191
188
187
184
182
180
179
177
175
174
172
170
167
165
163
161
159
157
154
151
148
147
145
142
139
136
134
132
128
124
123
121
117
113
109
105
101
100
98
95
94
89
87
87
81
78
72
70
67
63
59
55
50
45
40
37
35
34
31
32
34
34
33
33
32
28
28
29
30
30
30
27
25
27
20
28
20
21
21
30
13
13
13
14
15
15
11
18
17
13
-17
24
40
41
43
45
51
56
60
54
41
58
58
58
58
58
58
17
17
17
18
18
18
18
18
18
18
18
18
18
18
18
18
18
18
18
18
18
18
18
18
18
18
18
18
18
18
18
18
18
18
18
18
18
18
18
18
18
18
18
18
18
18
18
18
18
18
18
18
18
18
18
18
18
17
17
17
17
17
17
17
17
17
17
17
17
17
19
21
22
27
27
29
29
27
27
27
29
28
28
28
28
28
29
29
30
30
31
31
29
28
29
32
33
32
31
32
32
34
30
31
31
31
31
31
31
30
30
30
30
30
30
30
30
30
30
30
30
30
30
30
30
30
31
31
31
31
31
31
31
31
31
31
31
31
31
31
31
31
31
31
31
31
31
31
31
31
31
31
31
31
31
31
31
31
31
31
31
31
31
31
31
30
30
30
30
30
31
33
35
36
37
40
40
42
43
43
44
44
44
44
44
44
44
44
44
45
45
45
45
45
45
45
45
45
45
45
45
45
45
46
46
46
46
46
46
46
46
46
46
46
46
46
46
46
46
46
46
46
46
46
46
47
47
47
46
46
46
46
46
46
46
46
46
46
46
46
47
47
47
47
47
47
47
47
47
47
47
47
47
47
47
47
47
47
47
47
46
46
46
46
46
46
46
46
46
46
46
46
46
46
46
46
47
47
47
47
47
47
47
47
47
47
47
47
47
47
47
47
46
46
46
46
46
46
46
46
47
47
47
47
47
47
47
47
47
47
47
47
47
47
47
47
47
47
47
47
47
48
48
48
46
46
46
46
46
46
46
46
46
45
45
45
45
46
46
46
46
46
46
46
46
46
46
46
46
46
46
46
46
46
46
46
46
47
47
47
47
47
47
47
47
46
46
46
46
46
46
46
46
46
46
46
47
47
47
47
47
47
47
47
47
47
47
47
47
47
47
47
47
47
47
47
47
46
47
47
47
47
47
47
47
47
47
47
47
47
47
47
47
47
47
47
47
47
47
47
47
48
48
48
48
48
48
48
48
47
47
47
47
47
48
48
48
48
48
48
48
48
48
48
48
48
48
48
48
48
48
48
48
48
48
48
48
48
48
48
48
47
47
47
47
47
48
48
48
48
48
48
48
48
48
48
48
48
48
48
48
48
48
48
48
48
48
48
48
48
48
48
48
48
48
48
48
48
48
48
48
48
48
48
48
48
48
48
48
48
48
48
48
48
48
48
48
48
48
48
48
48
48
48
48
48
48
48
48
48
48
48
48
48
48
48
48
48
48
48
48
48
48
48
48
48
48
48
48
48
48
48
48
48
48
48
48
47
47
47
47
47
47
47
47
47
47
48
48
48
48
48
48
48
48
48
48
48
48
48
48
48
48
48
48
48
48
48
48
47
47
47
47
47
47
47
47
47
47
47
47
48
48
48
48
48
48
48
48
48
48
48
48
48
48
48
48
48
48
48
48
47
47
47
47
47
47
47
47
48
48
48
48
48
48
48
48
48
48
48
48
48
48
48
48
48
48
48
48
48
48
48
48
47
47
47
47
47
47
47
47
47
47
47
47
47
47
48
48
48
48
48
48
48
48
48
48
48
48
48
48
48
48
48
48
47
47
47
47
47
47
48
48
48
48
48
48
48
48
48
48
48
48
48
48
48
48
48
48
48
48
48
48
48
48
48
48
47
47
48
48
48
48
48
48
48
48
48
48
48
48
48
48
48
48
48
48
48
48
48
48
48
48
48
48
48
48
48
48
47
47
47
47
47
47
47
47
47
47
47
47
48
48
48
48
48
48
48
48
48
48
48
48
48
48
48
48
48
48
48
48
47
47
47
47
47
47
47
47
47
47
47
48
48
48
48
48
48
48
48
48
48
48
48
48
48
48
48
48
48
48
48
48
47
47
47
47
47
47
47
47
47
48
48
48
48
48
48
48
48
48
48
48
48
48
48
48
48
48
48
48
48
48
48
48
47
47
47
47
47
47
47
48
48
48
48
48
48
48
48
48
48
48
48
48
48
48
48
48
48
48
48
48
48
48
48
48
47
47
47
47
47
47
47
47
47
47
47
47
47
47
47
43
43
45
47
46