-122
-107
-102
-108
-107
-111
-106
-113
-106
-113
-113
-112
-112
-114
-112
-110
-112
-117
-117
-110
-113
-117
-111
-111
-114
-110
-113
-109
-114
-116
-111
-113
-114
-116
-113
-112
-121
-117
-115
-116
-111
-113
-116
-118
-112
-115
-114
-116
-114
-116
-113
-116
-116
-115
-110
-112
-114
-117
-114
-115
-111
-120
-117
-116
-118
-116
-117
-112
-107
-110
-113
-115
-110
-119
-110
-115
-120
-117
-115
-114
-114
-113
-109
-115
-114
-111
-114
-114
-113
-110
-112
-113
-113
-115
-114
-116
-115
-114
-115
-112
-115
-116
-113
-108
-114
-110
-108
-113
-114
-114
-116
-112
-111
-108
-116
-114
-107
-107
-111
-107
-112
-112
-108
-108
-112
-110
-115
-113
-110
-109
-110
-110
-110
-112
-112
-114
-112
-114
-112
-115
-110
-112
-113
-106
-116
-116
-108
-112
-116
-104
-110
-108
-107
-108
-112
-113
-115
-112
-113
-107
-105
-111
-105
-114
-106
-114
-110
-108
-107
-107
-117
-113
-110
-114
-108
-109
-112
-110
-108
-105
-114
-110
-113
-107
-115
-114
-113
-109
-112
-109
-111
-110
-107
-107
-112
-107
-104
-108
-107
-104
-107
-105
-106
-103
-113
-110
-109
-105
-105
-98
-112
-110
-103
-106
-106
-108
-108
-100
-108
-109
-103
-102
-103
-109
-101
-105
-104
-103
-103
-102
-107
-103
-99
-103
-111
-106
-108
-101
-103
-103
-99
-106
-107
-105
-103
-106
-106
-99
-103
-97
-98
-105
-101
-105
-99
-104
-107
-102
-101
-103
-102
-101
-102
-99
-104
-100
-101
-98
-97
-99
-102
-102
-103
-102
-103
-95
-100
-105
-99
-104
-97
-97
-97
-96
-108
-99
-105
-97
-97
-100
-102
-99
-101
-103
-106
-92
-107
-104
-108
-98
-94
-102
-102
-100
-105
-101
-98
-104
-103
-100
-100
-103
-101
-102
-104
-102
-106
-104
-101
-101
-96
-99
-101
-99
-102
-100
-99
-96
-99
-98
-96
-86
-95
-99
-95
-104
-97
-103
-93
-98
-95
-99
-88
-93
-89
-88
-89
-96
-92
-89
-93
-93
-97
-101
-102
-87
-93
-88
-96
-91
-91
-84
-81
-95
-88
-89
-80
-94
-79
-84
-82
-77
-86
-78
-93
-80
-81
-84
-80
-80
-85
-95
-85
-88
-81
-76
-86
-84
-83
-88
-83
-86
-81
-78
-81
-90
-84
-86
-81
-87
-85
-78
-79
-83
-81
-84
-81
-81
-84
-85
-85
-85
-82
-84
-75
-78
-82
-83
-71
-77
-82
-81
-81
-74
-77
-72
-81
-72
-71
-80
-81
-79
-79
-81
-83
-85
-72
-73
-70
-68
-74
-84
-76
-73
-72
-66
-75
-69
-75
-67
-75
-68
-62
-74
-74
-74
-76
-76
-78
-65
-74
-77
-69
-71
-59
-79
-67
-68
-59
-67
-77
-61
-64
-76
-63
-57
-60
-70
-70
-59
-61
-75
-69
-68
-72
-70
-67
-64
-70
-64
-64
-59
-63
-61
-66
-75
-63
-69
-53
-52
-57
-69
-57
-66
-58
-65
-62
-58
-61
-59
-72
-60
-62
-59
-61
-54
-58
-57
-66
-59
-56
-56
-64
-55
-67
-71
-67
-75