2
8
4
5
5
10
5
6
19
6
20
21
8
21
21
21
21
21
21
8
8
8
21
22
22
9
9
22
22
22
22
23
23
10
23
23
23
23
23
23
23
23
24
23
24
24
24
24
24
24
24
24
24
24
24
24
24
24
24
24
25
25
25
25
25
26
25
26
26
26
26
26
25
26
26
26
26
26
26
33
26
34
26
26
26
26
26
26
26
26
26
26
26
26
26
26
26
26
26
26
26
26
26
26
34
26
26
26
32
26
35
35
35
36
27
26
32
27
27
35
27
27
33
36
27
27
27
37
27
27
36
27
27
38
37
27
37
27
33
38
33
37
35
27
33
27
37
27
33
27
27
27
27
27
33
27
32
36
37
27
37
33
27
32
33
27
32
33
27
27
33
27
33
33
27
27
27
27
35
33
33
32
31
27
33
27
27
27
27
33
27
27
38
27
36
36
27
34
27
27
27
27
37
27
33
32
27
27
27
26
27
33
33
33
32
27
32
26
27
27
35
26
35
26
31
32
35
26
36
26
36
32
27
26
27
32
27
26
32
26
27
27
36
33
35
27
27
36
27
33
27
36
33
27
27
27
26
33
27
27
36
27
35
26
27
26
33
32
36
32
26
27
35
36
36
26
27
31
27
26
32
34
26
27
26
32
26
26
26
36
32
35
35
26
26
26
35
32
26
26
26
32
26
26
26
26
26
35
26
33
26
26
27
27
26
27
32
33
34
27
27
36
33
37
26
36
27
27
27
27
36
36
26
26
27
34
36
26
27
36
33
27
33
36
27
36
27
36
36
27
33
37
27
32
27
27
32
27
33
27
32
36
37
36
26
26
32
37
27
27
36
33
27
27
36
34
27
27
27
38
34
37
27
27
27
27
27
27
33
27
27
27
27
27
27
27
27
27
27
27
27
27
27
38
33
27
27
27
32
32
28
39
28
39
27
28
27
27
38
35
27
34
34
34
40
41
32
28
32
28
32
35
40
27
33
39
35
41
45
41
35
36
41
35
37
33
35
36
37
35
41
42
39
35
37
42
41
43
42
43
38
34
35
41
36
42
38
34
36
37
35
41
35
35
35
35
35
35
33
40
41
40
33
36
36
35
35
32
37
33
41
33
33
33
33
40
41
42
33
33
41
36
35
36
43
33
37
34
37
33
34
34
37
42
35
34
37
41
41
33
34
35
37
41
33
33
35
41
37
36
34
36
36
34
34
42
37
34
36
34
35