20
7
20
7
7
7
6
6
6
7
6
7
20
6
6
6
20
6
20
19
20
19
19
19
19
19
6
19
19
19
19
5
19
6
5
19
5
19
6
5
19
19
18
5
5
19
19
5
6
19
19
19
19
5
6
6
5
19
5
18
5
5
19
19
18
5
5
18
19
19
5
19
5
5
5
5
18
19
19
5
5
5
19
5
5
5
5
19
5
5
19
19
5
19
5
5
5
19
19
19
19
19
19
5
5
19
5
5
19
19
19
5
19
5
5
5
6
5
19
19
19
5
5
19
5
5
19
6
6
5
19
6
6
6
6
6
6
6
6
19
19
6
19
6
6
6
19
6
6
6
19
20
20
19
19
20
6
6
20
20
6
19
19
20
6
6
20
6
20
6
19
19
6
6
20
20
6
20
6
7
6
6
6
6
20
20
6
6
20
20
7
6
20
6
20
6
7
20
20
20
20
7
20
20
7
20
7
20
20
20
20
20
20
7
7
21
20
20
7
20
20
20
20
20
20
20
20
20
20
6
20
20
7
6
7
20
20
20
6
20
20
20
20
7
20
7
20
20
7
20
7
7
20
7
7
7
20
7
7
7
21
7
7
20
20
20
21
20
21
20
6
20
7
21
7
7
7
20
20
20
20
20
6
20
20
6
6
6
20
6
20
7
20
20
20
20
20
20
20
6
6
20
20
20
19
6
19
19
19
6
20
19
6
19
19
6
6
19
19
19
19
19
6
6
6
6
20
19
20
20
6
19
19
6
6
19
19
19
6
6
19
6
19
19
6
19
19
6
6
5
6
19
19
19
6
6
5
5
6
19
5
19
5
5
5
5
5
5
19
5
19
19
5
19
5
19
19
5
19
19
19
6
19
5
5
19
19
5
19
19
18
5
18
5
18
18
18
18
19
19
18
5
18
5
18
5
5
5
18
5
18
18
5
5
5
5
5
5
18
5
4
18
18
18
18
18
18
18
4
18
18
5
18
18
18
4
17
4
4
17
4
4
17
18
4
4
4
17
4
17
17
17
3
3
4
17
17
4
17
17
3
3
3
17
17
2
3
3
17
17
2
17
2
17
2
17
16
8
8
1
16
2
2
2
1
2
16
2
2
16
2
8
2
16
1
1
1
1
7
7
7
7
1
7
1
0
0
0
0
0
0
0
7
6
7
7

7


6

6
6

6