-165
-167
-171
-173
-168
-176
-170
-167
-171
-176
-178
-171
-170
-173
-178
-170
-178
-173
-177
-179
-176
-177
-173
-179
-178
-178
-175
-181
-178
-179
-175
-177
-188
-182
-180
-177
-183
-182
-179
-182
-180
-181
-186
-184
-180
-178
-187
-179
-186
-180
-181
-178
-177
-181
-183
-185
-184
-191
-178
-181
-187
-183
-187
-185
-182
-179
-184
-184
-188
-182
-179
-186
-187
-177
-186
-179
-184
-182
-180
-189
-182
-186
-177
-181
-188
-179
-182
-180
-183
-182
-181
-184
-184
-179
-184
-192
-184
-184
-186
-179
-187
-186
-187
-179
-184
-187
-182
-188
-179
-184
-182
-181
-179
-186
-182
-184
-178
-180
-182
-181
-185
-175
-178
-181
-179
-177
-182
-175
-178
-175
-179
-174
-174
-177
-178
-175
-174
-176
-177
-176
-181
-175
-174
-175
-178
-176
-171
-173
-177
-172
-172
-172
-176
-169
-172
-175
-168
-174
-173
-168
-172
-169
-175
-170
-168
-168
-170
-168
-166
-165
-175
-165
-165
-167
-159
-165
-164
-165
-164
-165
-156
-164
-162
-163
-163
-159
-153
-160
-158
-166
-163
-162
-159
-160
-154
-156
-159
-159
-162
-155
-159
-159
-154
-158
-162
-150
-156
-155
-153
-158
-155
-150
-156
-159
-154
-157
-153
-155
-153
-159
-152
-151
-155
-151
-151
-147
-150
-152
-152
-146
-146
-153
-150
-153
-152
-146
-152
-147
-148
-152
-152
-145
-150
-146
-151
-145
-153
-147
-144
-147
-139
-151
-141
-142
-146
-142
-146
-141
-144
-153
-140
-144
-146
-142
-141
-141
-146
-147
-139
-138
-143
-145
-144
-140
-139
-144
-136
-145
-148
-139
-139
-138
-136
-140
-140
-138
-134
-137
-134
-135
-137
-132
-137
-132
-137
-139
-137
-139
-139
-131
-133
-135
-140
-131
-134
-133
-130
-131
-130
-129
-137
-129
-130
-134
-131
-135
-133
-131
-133
-135
-131
-130
-140
-132
-134
-131
-129
-127
-129
-132
-121
-130
-133
-133
-126
-127
-123
-127
-129
-127
-127
-129
-124
-128
-125
-121
-132
-122
-128
-127
-126
-127
-128
-125
-122
-121
-126
-125
-128
-127
-125
-127
-127
-130
-127
-128
-127
-129
-123
-129
-125
-129
-122
-129
-124
-129
-128
-128
-128
-132
-124
-122
-122
-128
-124
-124
-129
-124
-121
-122
-122
-123
-124
-119
-123
-118
-125
-121
-123
-127
-124
-123
-122
-121
-119
-120
-117
-115
-120
-123
-124
-117
-115
-120
-124
-127
-124
-123
-115
-120
-118
-120
-120
-122
-118
-122
-118
-112
-124
-116
-117
-121
-125
-120
-118
-113
-118
-119
-115
-120
-121
-112
-117
-116
-119
-117
-117
-118
-121
-115
-115
-122
-121
-114
-111
-117
-120
-116
-116
-112
-113
-113
-112
-118
-114
-119
-113
-113
-121
-120
-110
-115
-114
-115
-119
-111
-113
-115
-106
-110
-111
-110
-112
-114
-110
-104
-112
-107
-112
-109
-113
-113
-111
-112
-108
-110
-111
-108
-109
-112
-113
-108
-105
-104
-101
-109
-103
-97
-107
-104
-99
-100
-106
-101
-101
-105
-98
-101
-101
-100
-102
-98
-105
-105
-100
-102
-100
-97
-96
-97
-98
-98
-95
-103
-100
-105
-102
-106
-104
-99
-107